num_samples: 300
num_bins: 14
data: 
15.24
20.262
2.38
25.057
6.828
8.727
0.543
10.642
13.484
0.537
3.384
50.537
18.511
42.023
5.78
21.273
8.804
24.779
1.832
48.16
10.314
36.896
11.374
21.309
12.798
0.899
4.406
7.334
11.581
2.457
8.1
2.298
14.953
29.895
12.706
10.665
49.409
56.072
4.266
15.698
19.38
5.882
17.361
22.388
26.749
9.832
12.363
2.901
41.974
12.389
23.281
34.859
0.752
24.358
19.249
7.366
2.418
23.135
6.516
10.874
13.388
9.605
5.139
33.458
2.617
8.148
16.185
6.617
0.712
25.912
3.29
55.117
2.519
5.084
2.256
0.745
9.639
9.076
20.641
34.065
8.971
30.927
10.885
8.343
12.444
22.418
8.221
21.399
12.76
14.772
22.285
8.484
1.872
13.575
10.299
39.264
15.408
6.387
40.347
12.501
27.434
22.726
9.672
0.151
1.041
14.432
15.065
35.388
8.716
55.964
6.064
8.118
12.239
5.621
11.782
17.498
0.834
7.455
12.722
9.489
8.863
2.537
12.486
9.003
49.536
15.492
1.472
0.977
5.815
6.504
29.461
19.967
15.466
16.475
31.424
37.901
56.592
4.822
17.615
6.631
1.835
17.089
9.653
7.1
16.669
3.715
1.11
3.998
14.136
3.826
5.752
20.809
17.915
3.638
3.843
22.693
11.992
4.5
27.466
4.49
4.744
35.337
30.41
29.404
27.283
5.642
7.655
10.721
19.464
9.898
5.088
5.465
9.216
18.791
0.526
12.067
0.4
17.913
4.309
114.426
7.689
30.165
0.171
9.819
13.089
36.682
18.537
10.826
31.757
13.65
3.311
14.229
7.47
4.181
6.152
5.729
31.84
12.615
4.204
3.886
10.013
19.8
28.762
11.702
0.181
20.393
12.884
29.9
17.526
14.309
3.055
5.619
16.767
37.931
3.398
2.901
17.371
14.619
8.2
15.401
11.31
6.025
6.099
6.801
8.013
6.885
13.587
32.216
5.493
5.259
25.311
2.611
21.175
22.725
4.712
20.738
33.359
43.94
6.87
6.932
12.065
14.026
40.609
33.197
20.854
0.13
15.661
76.825
38.092
60.375
3.729
0.628
16.051
15.609
1.86
33.682
33.561
0.729
40.125
19.081
19.681
7.014
19.012
0.501
6.726
15.607
30.935
10.424
23.731
0.299
7.124
4.759
6.188
1.178
10.643
27.739
0.58
21.927
5.477
19.803
11.279
33.981
8.134
9.816
87.463
4.289
1.874
19.209
3.646
25.277
13.024
7.19
27.926
17.894
21.722
3.649
9.165
14.498
9.01
4.54


sorted data: 
0.13
0.151
0.171
0.181
0.299
0.4
0.501
0.526
0.537
0.543
0.58
0.628
0.712
0.729
0.745
0.752
0.834
0.899
0.977
1.041
1.11
1.178
1.472
1.832
1.835
1.86
1.872
1.874
2.256
2.298
2.38
2.418
2.457
2.519
2.537
2.611
2.617
2.901
2.901
3.055
3.29
3.311
3.384
3.398
3.638
3.646
3.649
3.715
3.729
3.826
3.843
3.886
3.998
4.181
4.204
4.266
4.289
4.309
4.406
4.49
4.5
4.54
4.712
4.744
4.759
4.822
5.084
5.088
5.139
5.259
5.465
5.477
5.493
5.619
5.621
5.642
5.729
5.752
5.78
5.815
5.882
6.025
6.064
6.099
6.152
6.188
6.387
6.504
6.516
6.617
6.631
6.726
6.801
6.828
6.87
6.885
6.932
7.014
7.1
7.124
7.19
7.334
7.366
7.455
7.47
7.655
7.689
8.013
8.1
8.118
8.134
8.148
8.2
8.221
8.343
8.484
8.716
8.727
8.804
8.863
8.971
9.003
9.01
9.076
9.165
9.216
9.489
9.605
9.639
9.653
9.672
9.816
9.819
9.832
9.898
10.013
10.299
10.314
10.424
10.642
10.643
10.665
10.721
10.826
10.874
10.885
11.279
11.31
11.374
11.581
11.702
11.782
11.992
12.065
12.067
12.239
12.363
12.389
12.444
12.486
12.501
12.615
12.706
12.722
12.76
12.798
12.884
13.024
13.089
13.388
13.484
13.575
13.587
13.65
14.026
14.136
14.229
14.309
14.432
14.498
14.619
14.772
14.953
15.065
15.24
15.401
15.408
15.466
15.492
15.607
15.609
15.661
15.698
16.051
16.185
16.475
16.669
16.767
17.089
17.361
17.371
17.498
17.526
17.615
17.894
17.913
17.915
18.511
18.537
18.791
19.012
19.081
19.209
19.249
19.38
19.464
19.681
19.8
19.803
19.967
20.262
20.393
20.641
20.738
20.809
20.854
21.175
21.273
21.309
21.399
21.722
21.927
22.285
22.388
22.418
22.693
22.725
22.726
23.135
23.281
23.731
24.358
24.779
25.057
25.277
25.311
25.912
26.749
27.283
27.434
27.466
27.739
27.926
28.762
29.404
29.461
29.895
29.9
30.165
30.41
30.927
30.935
31.424
31.757
31.84
32.216
33.197
33.359
33.458
33.561
33.682
33.981
34.065
34.859
35.337
35.388
36.682
36.896
37.901
37.931
38.092
39.264
40.125
40.347
40.609
41.974
42.023
43.94
48.16
49.409
49.536
50.537
55.117
55.964
56.072
56.592
60.375
76.825
87.463
114.426


mean: 15.536903333333333
variance: 214.92549360732224
max: 114.426
min: 0.13
sorted samples from distribution for Q-Q plot: 
0.041820432672450274
0.08639825318448052
0.09260884176611404
0.11581349725588799
0.25247388012076444
0.25264089557448294
0.3972228560643786
0.4124402922231186
0.46234929310032646
0.508486969148896
0.6864953041830292
0.6924816163467856
0.7299515928764665
0.7534888712508087
0.7737169201550466
0.7821798696763886
0.9560291535031589
1.073729800686955
1.0849582115341654
1.2811263426278912
1.284785194819239
1.3255831197749106
1.3495426724002526
1.378534735259436
1.4874448148488886
1.5012762743311436
1.5221986406411945
1.5599943679926576
1.5631360954556297
1.5859291605095653
1.682535955712487
1.7312749517211337
1.7393119445066418
1.8348970771255786
1.9089669488031542
1.9972381601378417
2.0171398011455186
2.0257964679972833
2.05555256635232
2.109470999645038
2.1392757155472792
2.1796919892322215
2.3147224680207565
2.502714080323845
2.545662951453563
2.581267569403732
2.6896808802886016
2.728697140410188
2.746242086697335
2.8191307143302633
2.9152487882812617
2.997373577700863
3.1142061483171877
3.1305968492985428
3.214675202991872
3.2932790850573728
3.355166320398679
3.494163485024636
3.5554387037588966
3.5857990307600742
3.615969103565185
3.6279825586987933
3.7414983327908486
3.997397881984207
4.0257943636550735
4.110916429348681
4.191746264298106
4.1945427259132355
4.228162181480485
4.281405971458452
4.2983969920676035
4.339032891113011
4.479124706167976
4.626719869543231
4.8239147220635825
5.1306041963738505
5.236984895139732
5.24563398748673
5.375810274979432
5.390377780943515
5.402726479702594
5.472102999590284
5.555172339766034
5.584895478957486
5.633357688388019
5.647816339974183
5.68589175726066
5.816180686869292
5.848015644277072
5.918782107890209
5.930101787347323
5.963841050117329
6.022164672211931
6.037320379698152
6.059754610697967
6.386916742683457
6.424565449568413
6.498977200514532
6.521022651947798
6.530816909165006
6.537394248038492
6.795306639806449
6.835062341124626
6.836094870177795
6.870869933198004
6.977402503129217
6.989289705144503
7.073383493044127
7.28481523884974
7.307013674675345
7.401802670479249
7.54890472647481
7.653127908914285
7.733861892984055
7.791541517400293
7.886087003036887
7.88973775212531
7.9075773320874605
7.920568458636048
8.211472833310104
8.239157468239728
8.325393753806624
8.383809230275062
8.390975983655913
8.54681223730284
8.579175131494383
8.620344191479973
8.62135636568939
8.634449186009707
8.688602946238733
8.728500141524847
8.757122074748384
8.834801804945455
8.959121767759486
8.969022008011581
9.017683340099575
9.102301093314118
9.306526268345321
9.499340229895587
9.628640745467976
9.679077904836213
9.805159976395991
9.949672288511685
10.187861258739298
10.190686347304652
10.250917601136653
10.30737674959155
10.574361510671082
10.826538332589054
10.833851370239376
10.838383806990603
11.096645487641428
11.182753617310139
11.36212147089755
11.386951112726013
11.4039367665635
11.45331044428147
11.782081871530153
11.791245660486805
11.859706741845407
12.048136681147506
12.154139506534246
12.236979043490932
12.329312227027378
12.451797642432224
12.46142561188471
12.488383430508312
12.519210460149539
12.558416827216597
12.642389637789332
12.834027102701373
12.91018579167738
12.956009326108294
13.07672552741751
13.201711601195708
13.249650905593823
13.260215139348903
13.424779654465851
13.558957552456986
13.577398561876068
13.699447964202452
13.973531527806196
14.021533653903282
14.100459471806843
14.136935207384242
14.263478199868658
14.35563982428642
14.670509296952751
14.745423644152227
15.195728709316517
15.23505172856839
15.293393357415422
15.332508651795516
15.48864465559106
15.533944553250928
15.63351275010785
15.635268377279408
15.69736397705201
16.34433025556836
16.46107803588477
16.81482106075418
16.833011521083055
16.985627431958157
17.003673167616316
17.0670699737665
17.149283494610035
17.19290942670036
17.447535188005403
17.766564873582052
17.939565391860757
18.282084265893733
18.295621246917612
18.47619290200316
18.51613578906777
18.52421704029207
18.69741823823749
18.964971504731444
19.16310274651642
19.2413971776601
19.28633208790847
19.53576144513312
19.654009777772135
19.74850625447796
19.91412038937498
19.96868074095526
20.02715390122116
20.288397510551267
20.40485511453718
20.810023295213703
21.041030659260453
21.217691248786192
21.583345361659944
21.641228872715384
21.75941339270843
22.338788659763512
22.41323353018405
22.506428232873343
22.793555784539556
23.32574408211871
23.595493209892197
24.114086376838543
24.418685783536745
24.916316560483835
24.922218893835584
25.55669649367419
25.62303225604497
25.63492928031113
25.93766903794156
26.203841401054145
26.773032122785825
27.19984333058406
27.449833609521527
27.780969620918107
28.399339041766353
28.635659419718632
28.701786465105883
29.019436134417298
29.07201389672601
29.117637020830532
29.416626604354867
29.943538890289407
30.479653805521387
31.165359777405047
31.21215479025187
31.263749861950934
31.901162199710324
32.046653228160665
32.36496949224955
33.64779245749867
33.95797116514485
33.99441181137178
34.78044745217688
35.01378152189364
36.074884903722975
36.62794508701005
37.38987824415902
38.63867244303182
38.933848156303114
40.2722012056958
40.78787552666043
40.78951902727197
41.264295893650775
41.75154734960569
43.71920552944627
44.828085672653536
49.443035443258026
51.224518922674854
53.23471383014397
55.03251592320051
61.23971493730743
61.386026474907624
63.78994799442053
63.893323415609
65.84133029923281
69.14867050666331
69.1711634213827
70.11807539658864
77.16570900527121
83.4753352342086
86.12539080745412


histogram frequencies in each bin: 
114
82
46
24
19
4
7
1
0
1
1
0
0
1


reciprocal rate 0.06436288998815938
bins 
8.173285714285715
16.34657142857143
24.519857142857145
32.69314285714286
40.86642857142857
49.03971428571429
57.21300000000001
65.38628571428572
73.55957142857143
81.73285714285714
89.90614285714287
98.07942857142858
106.25271428571429
114.42600000000002



P(X=x) 
0.4090691593204906
0.2417315822133177
0.14284664709610373
0.08441248925674982
0.04988194324034112
0.02947677865374243
0.017418737590379818
0.010293269247859005
0.0060826102499778045
0.003594401988545104
0.0021240429888311763
0.0012551625090293506
0.0007417142366501484
0.0004383018174076714



Expected 
122.72074779614718
72.51947466399531
42.85399412883112
25.323746777024947
14.964582972102336
8.84303359612273
5.225621277113945
3.0879807743577015
1.8247830749933414
1.0783205965635312
0.6372128966493529
0.37654875270880517
0.2225142709950445
0.1314905452223014



X^2 
0.6197113649465027
1.239396190651818
0.2309552036544098
0.06919614009383954
1.088208780652618
2.652367443617698
0.6024967530692512
1.4118169874273894
1.8247830749933414
0.005688582658641641
0.2065471101567774
0.37654875270880517
0.2225142709950445
5.736600086059426



X^2 = 16.286830741685563
degrees of freedom = 12
alpha (significance) = 0.05
