num_samples: 300
num_bins: 14
data: 
102.108
3.819
6.617
48.184
18.066
4.097
41.307
22.029
0.302
38.12
8.254
35.57
1.608
15.311
30.442
19.292
39.723
8.781
18.919
14.258
18.074
69.159
26.52
33.306
10.838
3.861
68.786
25.303
14.965
5.801
5.687
9.703
8.384
2.913
12.134
29.083
24.11
40.541
58.456
5.895
5.523
52.122
2.321
9.171
12.484
8.126
15.015
0.137
3.142
24.17
17.23
1.216
1.502
17.055
15.432
8.463
7.142
26.639
15.69
4.166
9.604
8.978
62.322
2.465
6.302
3.182
75.712
12.432
39.431
34.526
18.217
43.444
8.746
22.568
4.171
1.299
49.281
104.019
7.975
1.769
7.546
15.39
23.819
7.487
14.585
12.345
1.829
24.685
10.785
7.703
48.552
49.729
3.489
0.68
25.754
17.911
30.82
67.928
19.987
28.748
2.319
14.25
21.105
5.253
1.434
32.336
8.469
6.481
80.815
13.217
7.389
4.056
10.789
19.74
8.673
8.699
19.832
5.091
11.378
0.384
29.602
43.01
23.743
36.02
8.023
19.18
3.344
36.394
12.914
40.394
46.984
16.809
7.381
3.475
43.325
8.668
3.964
0.327
16.183
0.214
15.894
0.686
0.941
14.902
1.644
5.871
20.016
10.353
53.824
5.168
17.382
30.482
11.945
10.235
25.383
14.417
23.294
25.965
7.124
29.565
14.045
20.36
83.199
51.818
3.206
29.055
0.577
24.111
16.317
1.053
103.123
47.315
34.535
3.088
16.92
5.029
14.024
4.842
7.96
35.529
30.409
18.156
13.253
45.269
18.805
39.179
0.256
3.611
8.811
5.625
22.087
4.5
19.096
17.611
28.846
0.34
3.163
1.868
28.901
2.561
3.317
21.16
0.903
5.637
8.361
17.135
9.167
6.505
12.852
34.494
54.195
2.965
8.889
5.074
1.135
20.923
13.492
6.102
33.044
20.554
30.954
7.65
5.003
34.84
2.748
15.016
36.348
3.708
20.96
21.246
26.128
37.202
99.448
17.484
6.796
60.781
72.038
8.934
9.351
17.591
8.587
46.647
20.69
70.617
22.473
29.259
3.381
25.398
10.56
19.995
15.576
11.519
28.6
8.841
9.289
5.254
57.425
32.438
14.051
37.688
35.654
27.942
14.38
13.748
4.079
19.278
14.382
17.793
48.002
31.458
76.847
52.816
1.39
32.426
8.983
2.463
16.793
21.209
18.408
3.889
28.82
0.031
37.815
23.175
9.712
0.844
85.454
45.981
15.413
6.036
29.098
21.576
23.828
11.632
21.43
1.959
48.46
16.119
24.632
8.959


sorted data: 
0.031
0.137
0.214
0.256
0.302
0.327
0.34
0.384
0.577
0.68
0.686
0.844
0.903
0.941
1.053
1.135
1.216
1.299
1.39
1.434
1.502
1.608
1.644
1.769
1.829
1.868
1.959
2.319
2.321
2.463
2.465
2.561
2.748
2.913
2.965
3.088
3.142
3.163
3.182
3.206
3.317
3.344
3.381
3.475
3.489
3.611
3.708
3.819
3.861
3.889
3.964
4.056
4.079
4.097
4.166
4.171
4.5
4.842
5.003
5.029
5.074
5.091
5.168
5.253
5.254
5.523
5.625
5.637
5.687
5.801
5.871
5.895
6.036
6.102
6.302
6.481
6.505
6.617
6.796
7.124
7.142
7.381
7.389
7.487
7.546
7.65
7.703
7.96
7.975
8.023
8.126
8.254
8.361
8.384
8.463
8.469
8.587
8.668
8.673
8.699
8.746
8.781
8.811
8.841
8.889
8.934
8.959
8.978
8.983
9.167
9.171
9.289
9.351
9.604
9.703
9.712
10.235
10.353
10.56
10.785
10.789
10.838
11.378
11.519
11.632
11.945
12.134
12.345
12.432
12.484
12.852
12.914
13.217
13.253
13.492
13.748
14.024
14.045
14.051
14.25
14.258
14.38
14.382
14.417
14.585
14.902
14.965
15.015
15.016
15.311
15.39
15.413
15.432
15.576
15.69
15.894
16.119
16.183
16.317
16.793
16.809
16.92
17.055
17.135
17.23
17.382
17.484
17.591
17.611
17.793
17.911
18.066
18.074
18.156
18.217
18.408
18.805
18.919
19.096
19.18
19.278
19.292
19.74
19.832
19.987
19.995
20.016
20.36
20.554
20.69
20.923
20.96
21.105
21.16
21.209
21.246
21.43
21.576
22.029
22.087
22.473
22.568
23.175
23.294
23.743
23.819
23.828
24.11
24.111
24.17
24.632
24.685
25.303
25.383
25.398
25.754
25.965
26.128
26.52
26.639
27.942
28.6
28.748
28.82
28.846
28.901
29.055
29.083
29.098
29.259
29.565
29.602
30.409
30.442
30.482
30.82
30.954
31.458
32.336
32.426
32.438
33.044
33.306
34.494
34.526
34.535
34.84
35.529
35.57
35.654
36.02
36.348
36.394
37.202
37.688
37.815
38.12
39.179
39.431
39.723
40.394
40.541
41.307
43.01
43.325
43.444
45.269
45.981
46.647
46.984
47.315
48.002
48.184
48.46
48.552
49.281
49.729
51.818
52.122
52.816
53.824
54.195
57.425
58.456
60.781
62.322
67.928
68.786
69.159
70.617
72.038
75.712
76.847
80.815
83.199
85.454
99.448
102.108
103.123
104.019


mean: 20.63275666666667
variance: 393.0715666641222
max: 104.019
min: 0.031
sorted samples from distribution for Q-Q plot: 
0.10445968030092122
0.189763211335232
0.22470144838097947
0.25143586914057986
0.5162565057006151
0.5591202396548663
0.6290332123340845
0.6871709616765626
0.8268864219608787
1.185185238471491
1.2391441265557743
1.255555511032152
1.357113131412676
1.405270504011306
1.4342400264286557
1.6548447750239574
1.665667256685776
1.684907607299102
1.9115344170412278
1.9683090801153742
1.978725083889627
2.0210430062951446
2.0320167616013936
2.037642696498413
2.092302170554273
2.422865019786484
2.50214686649189
2.506881271092074
2.642161545481271
2.7763170851029875
2.81303428423578
2.979691674847761
2.9912260660295464
2.9950163517245696
3.0218935712943913
3.037982554367752
3.085859049968481
3.1203148162304206
3.2135762008253006
3.383089323096106
3.474480055052922
3.4839240830436453
3.584244568109374
3.58536863172426
3.654967708235498
3.8778144312018563
3.914332238450009
4.163424382214877
4.2482164424135815
4.2654576525377035
4.319259927194621
4.433996907890446
4.458295682139867
4.462026016327865
4.863947278886088
4.9178344501359375
4.961698885389942
5.120523103611184
5.2772617177327295
5.429072349446631
5.489367681345547
5.519399628433867
5.793763189654296
6.26544752689693
6.287806766566313
6.318521358104099
6.406771419904662
6.4115184743032305
6.445442368288873
6.4614205638509254
6.544112732229258
6.652086338802675
6.700631142757374
6.733781308154776
6.800140681154726
6.81529520675268
6.882059205522586
6.9189820061124685
6.943350354888
6.982842284609907
6.993327937682829
7.07628488977066
7.213069939128044
7.301023317364476
7.354534074568366
7.38192322189437
7.543975524299921
7.614047564698902
7.706459573732447
7.7173593288786515
7.804836751659275
7.927166662275385
7.965437215560075
7.976781502051413
8.056480561934348
8.2226705660246
8.295133370412607
8.344129047986325
8.399061374313712
8.495472453201755
8.614544412995766
8.875391912453761
8.966077242268835
9.051712463830052
9.052165697161417
9.16667466528542
9.283073175119714
9.334046020948428
9.663312540094989
9.871648920835304
9.960654011080582
10.017769084754516
10.037510904366508
10.046140851724056
10.111685388911075
10.12209903725914
10.293367382059389
10.319704368457757
10.381960518991878
10.470016380715613
10.495906955008149
10.560672209189823
11.054139622771553
11.162040126629108
11.184994218935504
11.222091322323752
11.496252662824308
11.52604636709793
11.65478113160389
11.709950617015869
11.893696512908209
11.926330687069433
11.970717597266052
11.998210247277235
12.146324916446678
12.178863367425366
12.509792704611492
12.62575019732029
12.800368907206298
12.8703305621682
12.91033232712438
13.306076614895158
13.501746777909451
13.51838732099742
13.577110924208156
13.848884629544738
13.898198233813192
13.964751443972746
14.185546098647592
14.695075195403826
14.710225823666528
14.756297923954078
15.054612629557765
15.082269777034645
15.3720755361657
15.492630053426561
15.959532598940138
16.505239375178615
16.971875119686494
17.170451851313853
17.239730568764358
17.42915789669382
17.65403188969984
18.046716268578212
18.430361733485658
18.672121744028768
19.886428041450916
20.319159694416104
20.521478133777112
20.758912145057433
20.844377148168007
20.998770256162526
21.32365267025525
21.96508497962444
22.075727008437074
22.118093341266146
22.12570795346222
22.152565087935667
22.25917546786473
22.36377487643947
22.68858071675312
22.756579390709348
23.02893328555186
23.04197990162026
23.08071362690285
23.08143452364246
23.239502943288244
23.518529588988102
23.614802847851077
23.649023179769372
23.724357965205837
24.24379665700708
24.730786733479704
24.771750066455215
25.227710981105822
25.24025715141456
25.26229211628255
25.728412729863503
25.988768171814296
26.47609507933848
26.919718747555294
26.921926224953726
26.94483341001504
27.153630632068484
27.37807717767339
27.450712898229003
27.461052920110244
27.777555092826766
27.88705950630766
27.943451380789593
28.000139875107006
28.072792652690158
28.725057060951276
28.982303144443396
29.39091409414475
29.40117863522742
29.487769922964652
29.744525555741788
30.205292521521837
30.325023724188394
31.07101884402759
31.371975809715707
31.78098687550434
32.135054249057966
32.154174619469714
32.25387808944657
32.36648386619017
32.53686913647462
32.56586516512701
32.65013677745772
32.87629747246552
33.40826216198619
33.42153495202161
34.20299173873011
34.259130707034984
34.493117366297106
35.36716280828597
36.00841725026107
36.17696527673403
36.612913413213974
36.63885002078234
36.8767642932321
36.97135810528516
37.60918751069676
37.611391696288464
38.05405979542813
38.426552915304086
38.97999194783425
39.79048875724241
39.85153028593268
39.98866455791289
40.00451837319565
40.321322419569846
40.35358561309365
40.46990078767493
40.97558775760513
41.28569936797644
42.00924068226536
42.81575893231626
43.2249182958803
43.71366323248482
44.66590157811711
47.145441156805134
47.26018360414073
47.38330879064279
47.82225174635948
49.722524190943524
52.37573365143844
52.62478609410416
53.87850285794876
54.550554129724674
54.85378572018359
55.1850766100167
55.65758735975455
55.7472744995751
57.908698313198826
58.05034245045537
61.973511901562624
65.6815444401619
66.47176237438583
67.34101227820207
68.96536070923958
69.94858960404756
70.64870811719089
70.69654069201961
70.75959504258006
72.26083222625067
73.31383289298331
73.54260150043416
73.6467751651194
74.74311485773204
77.75029438459387
83.19402786855447
84.80919884506112
88.96902432746249
93.7724693645558
96.63113654859153
100.12185220364043
112.6837633002359
139.2244670539939


histogram frequencies in each bin: 
83
62
55
32
21
13
12
6
2
5
3
2
0
4


reciprocal rate 0.04846662111881317
bins 
7.429928571428571
14.859857142857143
22.289785714285713
29.719714285714286
37.14964285714286
44.57957142857143
52.0095
59.43942857142857
66.86935714285714
74.29928571428572
81.72921428571429
89.15914285714285
96.58907142857143
104.019



P(X=x) 
0.3023959027208045
0.2109526207384742
0.14716141255894377
0.10266040436251334
0.07161631871162821
0.04995983736528464
0.034852187245424826
0.024313028621549937
0.016960868383659733
0.01183197127785407
0.008254031642320858
0.005758046292755115
0.004016836686149272
0.0028021617303590762



Expected 
90.71877081624136
63.28578622154226
44.148423767683134
30.798121308754002
21.484895613488465
14.987951209585393
10.455656173627448
7.2939085864649815
5.08826051509792
3.549591383356221
2.4762094926962575
1.7274138878265344
1.2050510058447816
0.8406485191077229



X^2 
0.6567485689851611
0.02612349954412295
2.6672913022997395
0.04690261376626916
0.010943676907266034
0.2636751318729006
0.22810599492270534
0.22953392002122872
1.8743837861315422
0.5926555842733193
0.11079696461496674
0.043014120167422586
1.2050510058447816
11.873573262712389



X^2 = 19.828799432063818
degrees of freedom = 12
alpha (significance) = 0.05
