num_samples: 300
num_bins: 14
data: 
10.16
13.508
1.586
16.705
4.552
5.818
0.362
7.095
8.989
0.358
2.256
33.691
12.34
28.015
3.853
14.182
5.869
16.519
1.221
32.107
6.876
24.597
7.583
14.206
8.532
0.6
2.937
4.889
7.721
1.638
5.4
1.532
9.969
19.93
8.47
7.11
32.939
37.381
2.844
10.466
12.92
3.921
11.574
14.925
17.833
6.555
8.242
1.934
27.983
8.259
15.521
23.239
0.502
16.238
12.832
4.911
1.612
15.423
4.344
7.25
8.925
6.403
3.426
22.305
1.745
5.432
10.79
4.411
0.475
17.275
2.193
36.744
1.679
3.389
1.504
0.496
6.426
6.051
13.76
22.71
5.981
20.618
7.257
5.562
8.296
14.946
5.481
14.266
8.506
9.848
14.857
5.656
1.248
9.05
6.866
26.176
10.272
4.258
26.898
8.334
18.29
15.151
6.448
0.1
0.694
9.621
10.043
23.592
5.811
37.309
4.043
5.412
8.159
3.747
7.855
11.665
0.556
4.97
8.482
6.326
5.909
1.691
8.324
6.002
33.024
10.328
0.981
0.651
3.877
4.336
19.641
13.311
10.311
10.983
20.949
25.267
37.728
3.214
11.744
4.421
1.223
11.393
6.435
4.733
11.113
2.477
0.74
2.665
9.424
2.551
3.835
13.873
11.943
2.425
2.562
15.129
7.995
3.0
18.311
2.993
3.162
23.558
20.274
19.603
18.189
3.761
5.104
7.148
12.976
6.599
3.392
3.643
6.144
12.528
0.351
8.044
0.266
11.942
2.873
76.284
5.126
20.11
0.114
6.546
8.726
24.455
12.358
7.217
21.171
9.1
2.208
9.486
4.98
2.787
4.102
3.819
21.227
8.41
2.803
2.591
6.675
13.2
19.175
7.801
0.121
13.595
8.589
19.933
11.684
9.539
2.037
3.746
11.178
25.288
2.265
1.934
11.581
9.746
5.466
10.267
7.54
4.016
4.066
4.534
5.342
4.59
9.058
21.477
3.662
3.506
16.874
1.74
14.117
15.15
3.141
13.825
22.239
29.293
4.58
4.621
8.043
9.351
27.073
22.131
13.903
0.087
10.441
51.216
25.395
40.25
2.486
0.418
10.701
10.406
1.24
22.454
22.374
0.486
26.75
12.721
13.121
4.676
12.675
0.334
4.484
10.404
20.623
6.949
15.821
0.2
4.749
3.172
4.125
0.785
7.095
18.493
0.387
14.618
3.651
13.202
7.52
22.654
5.423
6.544
58.309
2.859
1.249
12.806
2.431
16.852
8.682
4.793
18.618
11.929
14.481
2.432
6.11
9.665
6.007
3.026


sorted data: 
0.087
0.1
0.114
0.121
0.2
0.266
0.334
0.351
0.358
0.362
0.387
0.418
0.475
0.486
0.496
0.502
0.556
0.6
0.651
0.694
0.74
0.785
0.981
1.221
1.223
1.24
1.248
1.249
1.504
1.532
1.586
1.612
1.638
1.679
1.691
1.74
1.745
1.934
1.934
2.037
2.193
2.208
2.256
2.265
2.425
2.431
2.432
2.477
2.486
2.551
2.562
2.591
2.665
2.787
2.803
2.844
2.859
2.873
2.937
2.993
3.0
3.026
3.141
3.162
3.172
3.214
3.389
3.392
3.426
3.506
3.643
3.651
3.662
3.746
3.747
3.761
3.819
3.835
3.853
3.877
3.921
4.016
4.043
4.066
4.102
4.125
4.258
4.336
4.344
4.411
4.421
4.484
4.534
4.552
4.58
4.59
4.621
4.676
4.733
4.749
4.793
4.889
4.911
4.97
4.98
5.104
5.126
5.342
5.4
5.412
5.423
5.432
5.466
5.481
5.562
5.656
5.811
5.818
5.869
5.909
5.981
6.002
6.007
6.051
6.11
6.144
6.326
6.403
6.426
6.435
6.448
6.544
6.546
6.555
6.599
6.675
6.866
6.876
6.949
7.095
7.095
7.11
7.148
7.217
7.25
7.257
7.52
7.54
7.583
7.721
7.801
7.855
7.995
8.043
8.044
8.159
8.242
8.259
8.296
8.324
8.334
8.41
8.47
8.482
8.506
8.532
8.589
8.682
8.726
8.925
8.989
9.05
9.058
9.1
9.351
9.424
9.486
9.539
9.621
9.665
9.746
9.848
9.969
10.043
10.16
10.267
10.272
10.311
10.328
10.404
10.406
10.441
10.466
10.701
10.79
10.983
11.113
11.178
11.393
11.574
11.581
11.665
11.684
11.744
11.929
11.942
11.943
12.34
12.358
12.528
12.675
12.721
12.806
12.832
12.92
12.976
13.121
13.2
13.202
13.311
13.508
13.595
13.76
13.825
13.873
13.903
14.117
14.182
14.206
14.266
14.481
14.618
14.857
14.925
14.946
15.129
15.15
15.151
15.423
15.521
15.821
16.238
16.519
16.705
16.852
16.874
17.275
17.833
18.189
18.29
18.311
18.493
18.618
19.175
19.603
19.641
19.93
19.933
20.11
20.274
20.618
20.623
20.949
21.171
21.227
21.477
22.131
22.239
22.305
22.374
22.454
22.654
22.71
23.239
23.558
23.592
24.455
24.597
25.267
25.288
25.395
26.176
26.75
26.898
27.073
27.983
28.015
29.293
32.107
32.939
33.024
33.691
36.744
37.309
37.381
37.728
40.25
51.216
58.309
76.284


mean: 10.35791
variance: 95.52259308189998
max: 76.284
min: 0.087
sorted samples from distribution for Q-Q plot: 
0.027880219660822554
0.05759869334593247
0.0617390755183294
0.07720880767714554
0.16831550480404617
0.16842684816514655
0.26481458401241614
0.2749595164214896
0.308232101581169
0.33899047639160884
0.45766240695435273
0.4616532718837281
0.4866331946051292
0.5023246748065496
0.5158100074710185
0.5214519598984716
0.6373511964972367
0.7158181010222812
0.7233036897849345
0.8540821211843069
0.8565213499603511
0.8837198994918385
0.8996928951660231
0.9190208893851477
0.9916274299729474
1.000848380210726
1.014796590003703
1.0399936794038211
1.0420881592115303
1.0572834984234503
1.1216878696570334
1.1541804534954636
1.1595384354663205
1.2232616999910408
1.2726414926104546
1.331488821642495
1.344756549579475
1.3505276465752447
1.3703649965348972
1.406310530043417
1.4261802916212383
1.4531244075999905
1.5431445046902443
1.6684719370115038
1.697104447121083
1.7208408005243396
1.7931161627928502
1.8191269386988158
1.8308235406984703
1.8794158392310638
1.943494397100561
1.9982441216323596
2.076132309873594
2.0870594169012575
2.1431115144022614
2.1955139731559514
2.236772028256211
2.3294365760468914
2.3702866210824496
2.390526789145676
2.410640121391127
2.4186490717201146
2.4943260677340677
2.6649253462852016
2.6838562873584113
2.7406041911428725
2.7944906148245328
2.79635491796825
2.818767833048147
2.8542636054565067
2.865590924581944
2.8926814571064274
2.986075770049266
3.0844723028639036
3.215935213525578
3.42039435861389
3.4913146494797087
3.4970806968180925
3.5838646743621076
3.5935763210437677
3.6018087665716503
3.64805966571757
3.7034390891998425
3.723254466437984
3.755562526346272
3.765201603621699
3.790585152518451
3.8774442246211427
3.898667477196588
3.945845003206586
3.9533914375590533
3.9758842239103926
4.014766542707718
4.024870322769979
4.039826439869373
4.257933989733802
4.283033065731406
4.332640777300849
4.347337708662019
4.353867197363609
4.3582520791273325
4.530193249417416
4.556696984904854
4.5573853359086325
4.580568654056393
4.651590192115964
4.659514973907068
4.7155773608535485
4.856531510288137
4.8713304309925665
4.934522938950108
5.032590734322694
5.102072684519654
5.155895207772536
5.194348195843552
5.257378364090086
5.259812190810842
5.271705214775877
5.2803659444400814
5.474301715734715
5.492758093484629
5.550248808685247
5.589192363580712
5.593970187379859
5.697860766820423
5.7194359763833456
5.746881948657658
5.747556729799083
5.756285255143838
5.792387672889491
5.8189857374561536
5.8380669791936475
5.88985333822179
5.972733108946012
5.9793332528298695
6.011774060848942
6.068185757143535
6.204335537915429
6.3328778618028645
6.4190779928405
6.452702682792135
6.536757189781822
6.633098493494183
6.791890748532368
6.793774136262481
6.833928206413677
6.871567545851274
7.049556947426575
7.217674413917369
7.222549760322218
7.225571377367951
7.3977454063387595
7.455150684484716
7.57472895851347
7.591282012225253
7.6026057535117415
7.635521457445778
7.854701868171986
7.8608110457368845
7.90645165403582
8.032071303635446
8.102739679536707
8.157965901250924
8.219521205069553
8.30117794720517
8.307596577670461
8.32556841241185
8.346119714800794
8.372257228357714
8.428238963951923
8.555996958682345
8.60676929273163
8.637318240313677
8.717795509295597
8.801119352900292
8.833078810313724
8.840121615440747
8.949831021504824
9.039282732799162
9.051576708746236
9.132942776213378
9.315664701128501
9.34766603957125
9.400283121687451
9.424600218742688
9.508962005590663
9.570402936945687
9.780315400816672
9.830258175728334
10.130460811829513
10.156676093317769
10.195570416587097
10.221647215169172
10.32573762754911
10.355937484811752
10.422316118943668
10.423486534170333
10.464883498548732
10.896193286743802
10.974024948257894
11.209853049657236
11.221979993289615
11.323723682845877
11.335754143602493
11.378018576759018
11.432827455427491
11.461911338397158
11.631661427117912
11.8443473594196
11.959680753715732
12.188026106352599
12.197050738102494
12.31743154448329
12.344060070160461
12.34944755768438
12.464914738094901
12.643283142344725
12.775370310975946
12.827566469624086
12.857523002546069
13.023808830427093
13.102640857688103
13.165638353394733
13.276047504252412
13.31242098223013
13.35140299289569
13.525564969414589
13.603203180518973
13.873314634537447
14.02731916393424
14.1450925997082
14.388861406852063
14.427450319013856
14.506239804615843
14.892489029679087
14.942118820843666
15.004248469347141
15.195666364848773
15.550457687875914
15.730289996033605
16.076017921000542
16.279083691118615
16.610836723898938
16.61477160309177
17.037755626043424
17.081979358512932
17.08991068845513
17.291736695586824
17.469184499853753
17.848644044786568
18.13318414795376
18.299843922720708
18.520600718989513
18.9328459824428
19.090392512370943
19.13447710052807
19.34624302425616
19.38129477931385
19.411710120341276
19.61103601757064
19.962310008179507
20.319719069849913
20.77685525656967
20.808051854831074
20.842448484432026
21.267388994503726
21.3643827741627
21.57659309331267
22.431806293453803
22.638591588360196
22.662885292572838
23.18690776021503
23.34246342289813
24.04986393211697
24.418569811285362
24.926523996134613
25.759051407996388
25.95583473133022
26.848067896229555
27.19184992867635
27.192945593047433
27.509462723039686
27.8342962255641
29.146065108995778
29.885316713881945
32.96194230347983
34.14959502618796
35.489721658072995
36.6882534296996
40.82637589598738
40.92391668039666
42.52652707269778
42.595443850121825
43.89411190173202
46.0989999333419
46.113995172824495
46.74526826545312
51.443679079086465
55.650086186785934
57.4167855433936


histogram frequencies in each bin: 
114
82
46
24
19
4
7
1
0
1
1
0
0
1


reciprocal rate 0.09654457318126919
bins 
5.448857142857143
10.897714285714287
16.34657142857143
21.795428571428573
27.244285714285716
32.69314285714286
38.142
43.590857142857146
49.03971428571429
54.48857142857143
59.937428571428576
65.38628571428572
70.83514285714287
76.284



P(X=x) 
0.40906992629650973
0.24173172169627788
0.142846544118453
0.0844123188442063
0.04988177779608938
0.029476642629504224
0.017418634601584437
0.010293195028928337
0.006082558497089163
0.003594366740990562
0.0021240194031709736
0.0012551469424635364
0.0007417040752185633
0.00043829524383520724



Expected 
122.72097788895292
72.51951650888337
42.8539632355359
25.32369565326189
14.964533338826813
8.842992788851268
5.225590380475332
3.087958508678501
1.824767549126749
1.0783100222971687
0.6372058209512921
0.3765440827390609
0.222511222565569
0.13148857315056217



X^2 
0.6197429049858639
1.239384534704186
0.23095990606423938
0.069190935101083
1.0882391588642066
2.652334985779424
0.6025212978088959
1.4117970567644185
1.824767549126749
0.005687102470882
0.20655746075126788
0.3765440827390609
0.22251122256556902
5.736712175774502



X^2 = 16.28695037350035
degrees of freedom = 12
alpha (significance) = 0.05
