0.07699966430664062
0.12700223922729492
0.6050004959106445
0.7800016403198242
0.8640005588531494
0.9480018615722656
0.9760003089904785
1.0859997272491455
1.211000680923462
1.3249995708465576
1.3690011501312256
1.44100022315979
1.58500075340271
1.76900053024292
1.8630003929138184
1.8750007152557373
1.9890000820159912
2.023000478744507
2.0909998416900635
2.193000555038452
2.309000253677368
2.414001703262329
2.531000852584839
2.6489992141723633
2.6690003871917725
2.6970012187957764
2.753000259399414
2.9190006256103516
3.050999641418457
3.19599986076355
3.316000461578369
3.5289995670318604
3.6389999389648438
3.788001537322998
4.038999795913696
4.233001947402954
4.421000003814697
4.537001848220825
4.589000463485718
4.722000360488892
4.8279993534088135
4.977001667022705
4.994001388549805
5.094001054763794
5.20400071144104
5.363000392913818
5.381001710891724
5.392999887466431
5.482999324798584
5.482999324798584
5.587999105453491
5.6489996910095215
5.691999197006226
5.762999773025513
5.816999197006226
5.827000379562378
5.952001571655273
6.057000160217285
6.162999868392944
6.208000659942627
6.263999938964844
6.30400013923645
6.343001842498779
6.408999919891357
6.53399920463562
6.699999809265137
6.818999290466309
6.818999290466309
6.919999837875366
7.528001546859741
