0.0
0.9470372200012207
1.0090053081512451
1.7750048637390137
1.7920045852661133
1.997004747390747
3.9870049953460693
4.157006502151489
5.336004972457886
6.45100474357605
6.977031230926514
7.135004758834839
9.426006078720093
10.284004211425781
10.289004802703857
10.430004358291626
10.500006198883057
11.183003425598145
11.611005067825317
12.59500503540039
12.887040376663208
13.915004253387451
13.940004825592041
14.209004640579224
14.293004751205444
14.350004434585571
14.480006456375122
14.944004535675049
16.76100444793701
16.971004724502563
18.120004177093506
18.253004789352417
18.613004446029663
19.423003911972046
19.42800498008728
19.785004377365112
19.818007230758667
20.22400450706482
20.252004384994507
21.060004472732544
21.58100438117981
21.714004039764404
22.186004638671875
22.913004636764526
22.978005409240723
23.111006498336792
23.231004238128662
23.485004425048828
23.496004581451416
23.503004550933838
23.90900468826294
24.044004201889038
24.36100482940674
24.696004152297974
24.716004610061646
25.138004779815674
25.256004810333252
25.753004550933838
25.763004779815674
26.399004459381104
26.455004453659058
