0.0
0.27199864387512207
0.3039989471435547
0.4409976005554199
0.45099782943725586
0.5489976406097412
0.5709974765777588
0.6179988384246826
0.6559996604919434
0.7769975662231445
0.8259983062744141
0.9429976940155029
1.0159976482391357
1.2119989395141602
1.2619976997375488
1.311997890472412
1.4099977016448975
1.4319989681243896
1.502997636795044
1.5369975566864014
1.5479977130889893
1.6839978694915771
1.689997911453247
1.7179977893829346
1.8310003280639648
1.9660160541534424
1.9720149040222168
2.2070159912109375
2.2670159339904785
2.279015302658081
2.3120148181915283
2.340014934539795
2.5430150032043457
2.5760161876678467
2.597017765045166
2.597017765045166
2.6910159587860107
2.7350149154663086
2.813016891479492
2.868016242980957
3.028015613555908
3.132014751434326
3.153015375137329
3.2240169048309326
3.317014455795288
3.3710155487060547
3.393014907836914
3.4040145874023438
3.5270164012908936
3.5830159187316895
3.6220147609710693
3.7480149269104004
3.797015428543091
3.831014633178711
3.864015579223633
3.887014627456665
4.025016784667969
4.047015190124512
4.183016777038574
4.2060160636901855
4.294015645980835
4.332014799118042
4.657017230987549
4.702015399932861
4.792017221450806
4.805015802383423
4.877014875411987
4.943015813827515
4.965014696121216
4.990015268325806
5.011014938354492
5.110014915466309
5.1710145473480225
5.530016183853149
5.55701470375061
5.573015928268433
5.622015714645386
6.092015504837036
6.1680145263671875
6.210016965866089
6.239014625549316
6.438014984130859
6.496014833450317
6.6100146770477295
6.638014793395996
6.681014776229858
6.782015323638916
7.001014709472656
7.055015563964844
7.126014709472656
7.1640167236328125
7.279014825820923
7.356014728546143
7.560015678405762
7.59401535987854
7.680015325546265
7.739015102386475
7.947016477584839
7.976015090942383
7.976015090942383
8.046015739440918
8.058014631271362
8.080014705657959
8.130014657974243
8.285016536712646
8.307015180587769
8.352015018463135
8.37905740737915
8.467014789581299
8.591016054153442
8.663014888763428
8.757014989852905
8.849015235900879
8.92001485824585
9.029016494750977
9.149016380310059
9.229016780853271
9.235015869140625
9.279017210006714
9.508014678955078
9.513015031814575
9.535015106201172
9.663015127182007
9.710014581680298
9.79501724243164
9.817017078399658
9.943014860153198
9.975015878677368
10.014016151428223
10.020014762878418
10.083014965057373
10.145014762878418
10.205015420913696
10.356015920639038
10.383017778396606
10.43801736831665
10.682015895843506
10.765016078948975
10.793017864227295
10.950014591217041
10.989015102386475
11.011014938354492
11.320016145706177
11.639017105102539
11.701014757156372
11.744017839431763
11.795015096664429
11.859019041061401
11.910014867782593
11.926015138626099
12.026015043258667
12.132017374038696
12.176015615463257
12.209014654159546
12.429014921188354
12.68801474571228
12.734017848968506
12.809015989303589
12.830016136169434
12.858015060424805
12.884016036987305
12.978014707565308
13.015016794204712
13.060014486312866
13.145015478134155
13.145015478134155
13.162015914916992
13.523014783859253
13.555015325546265
13.755015134811401
13.783016920089722
13.806015014648438
13.871016263961792
13.930014610290527
13.957015037536621
13.983017444610596
13.995014905929565
14.145015239715576
14.264014720916748
14.36701512336731
14.424014568328857
14.55101466178894
14.561015129089355
14.693016290664673
