0.0
0.2319965362548828
0.3970046043395996
2.3300044536590576
2.3490047454833984
3.0140044689178467
3.0360045433044434
3.0750045776367188
3.175004482269287
3.248004913330078
3.2850046157836914
3.8640050888061523
3.8810043334960938
3.9870049953460693
4.103004455566406
4.773004770278931
4.78400444984436
4.962004661560059
4.97400426864624
5.059007167816162
5.086005926132202
6.811004400253296
6.816004514694214
8.02800464630127
8.03400468826294
9.301004648208618
9.339004755020142
9.390004634857178
9.426006078720093
9.654004335403442
9.724004745483398
11.478004932403564
11.484004259109497
11.519004583358765
11.54700493812561
12.729005813598633
12.735004425048828
12.887040376663208
13.112004518508911
15.307004451751709
15.329004526138306
16.45800495147705
16.464004278182983
16.704004287719727
16.726004362106323
17.206004858016968
17.21200442314148
18.014004468917847
18.037004470825195
18.275004386901855
18.31100559234619
18.447004795074463
18.46300482749939
18.66700553894043
18.66700553894043
19.213003635406494
19.357004404067993
21.20000457763672
21.217004537582397
21.4140043258667
21.4140043258667
21.818004846572876
21.85000491142273
21.949004650115967
22.11700439453125
22.28400444984436
23.08100438117981
23.257004499435425
23.262004613876343
26.692004442214966
26.692004442214966
26.692004442214966
