0.0
0.2980051040649414
0.46800684928894043
1.0090053081512451
1.7920045852661133
3.9870049953460693
3.9870049953460693
5.304006338119507
5.336004972457886
6.955004930496216
6.977031230926514
9.404004573822021
9.426006078720093
9.822004556655884
9.844004392623901
10.289004802703857
10.500006198883057
11.585004329681396
11.611005067825317
12.887040376663208
12.887040376663208
12.949004650115967
13.063004732131958
13.975004196166992
13.99200439453125
14.293004751205444
14.480006456375122
16.750004529953003
16.76100444793701
18.109004735946655
18.120004177093506
18.602004289627075
18.613004446029663
18.911004304885864
18.967004776000977
19.42800498008728
19.46800708770752
19.818007230758667
20.252004384994507
21.57500457763672
21.58100438117981
22.186004638671875
22.186004638671875
22.44000482559204
22.536004543304443
22.978005409240723
23.001004695892334
23.231004238128662
23.496004581451416
23.9040048122406
23.90900468826294
24.327004194259644
24.36100482940674
24.466004610061646
24.483004570007324
24.716004610061646
24.727004289627075
25.256004810333252
25.27200484275818
25.763004779815674
26.455004453659058
