0.0
2.2900049686431885
2.3300044536590576
2.957005023956299
3.0140044689178467
3.0300047397613525
3.0750045776367188
3.2140045166015625
3.248004913330078
3.8470046520233154
3.8640050888061523
3.9870049953460693
3.9870049953460693
4.718004941940308
4.773004770278931
4.81200647354126
4.962004661560059
5.008005619049072
5.059007167816162
6.779004812240601
6.811004400253296
7.921004295349121
8.007004499435425
9.268005609512329
9.301004648208618
9.379004716873169
9.390004634857178
9.426006078720093
9.426006078720093
11.441004276275635
11.478004932403564
11.503004789352417
11.519004583358765
12.684004545211792
12.729005813598633
12.875007629394531
12.887040376663208
15.253004789352417
15.307004451751709
16.371004581451416
16.45800495147705
16.655004262924194
16.704004287719727
17.191004276275635
17.206004858016968
17.932004690170288
18.008004665374756
18.275004386901855
18.275004386901855
18.289005041122437
18.31100559234619
18.36100459098816
18.46300482749939
18.562004566192627
18.66700553894043
21.130004405975342
21.20000457763672
21.40200686454773
21.4140043258667
21.769005060195923
21.818004846572876
21.949004650115967
21.949004650115967
22.11100459098816
22.11700439453125
23.231004238128662
23.257004499435425
