num_samples: 300
num_bins: 14
data: 
0.85
0.476
3.016
7.33
0.956
4.197
0.951
0.242
3.259
3.342
10.956
7.002
1.746
0.289
3.514
2.495
1.823
6.069
1.44
4.102
8.803
0.619
6.377
0.394
3.517
1.351
7.333
6.832
17.956
0.479
8.436
1.403
1.13
4.808
2.528
12.246
3.237
9.86
0.282
3.049
1.078
1.038
9.927
8.828
16.311
2.621
1.075
8.524
5.665
14.579
3.924
0.453
4.059
2.947
3.425
5.891
1.738
3.072
0.789
2.167
9.226
0.55
4.293
16.603
3.226
8.873
1.106
0.85
0.62
5.811
0.25
10.273
0.636
6.62
2.23
1.519
16.522
3.289
23.085
2.557
4.119
3.56
3.856
4.378
0.732
5.092
1.212
1.335
10.089
1.934
8.563
5.604
7.104
0.582
2.272
1.621
2.878
2.37
1.234
7.469
8.894
5.259
8.227
6.546
12.889
1.222
1.299
2.801
0.288
10.838
2.134
6.66
3.044
0.255
1.079
5.23
17.517
2.841
7.085
4.384
1.012
0.931
3.376
5.37
2.491
0.518
0.589
3.231
0.688
2.75
3.688
1.056
1.023
0.643
13.661
9.763
2.188
6.766
3.692
2.126
1.961
3.385
0.94
1.876
2.908
6.719
0.987
0.11
1.685
2.012
15.429
0.069
1.626
2.306
0.33
11.125
6.78
1.972
1.094
6.806
0.906
5.206
10.389
16.168
4.239
1.32
23.28
3.214
1.341
2.807
3.417
5.569
1.001
2.897
8.599
3.553
0.951
1.54
9.882
4.373
0.766
4.582
4.462
1.035
1.535
1.775
5.184
4.61
0.726
1.885
3.053
0.833
6.837
1.402
6.894
7.72
1.193
10.825
3.319
1.033
3.171
2.704
4.664
6.067
2.291
0.717
0.572
4.485
10.919
8.888
1.876
2.174
2.752
1.594
2.583
0.856
2.043
2.174
3.947
5.36
1.279
9.485
0.999
5.534
5.125
13.089
1.893
3.557
0.849
6.861
10.744
26.34
0.197
9.771
3.65
2.378
15.196
1.396
1.772
6.415
2.528
0.845
1.844
3.388
9.261
0.807
0.444
2.306
7.154
14.138
1.632
4.185
29.375
21.555
0.587
0.789
1.151
12.69
3.013
0.581
1.649
1.421
4.616
1.701
0.007
12.599
0.497
1.627
2.017
6.107
0.582
15.017
0.486
3.204
1.976
1.807
14.344
7.875
1.634
5.368
10.995
3.363
4.101
3.269
7.148
0.216
2.907
1.991
2.302
17.322
6.738
6.203
1.73
4.403
0.071
9.408
3.419
7.687
2.589
4.845


sorted data: 
0.007
0.069
0.071
0.11
0.197
0.216
0.242
0.25
0.255
0.282
0.288
0.289
0.33
0.394
0.444
0.453
0.476
0.479
0.486
0.497
0.518
0.55
0.572
0.581
0.582
0.582
0.587
0.589
0.619
0.62
0.636
0.643
0.688
0.717
0.726
0.732
0.766
0.789
0.789
0.807
0.833
0.845
0.849
0.85
0.85
0.856
0.906
0.931
0.94
0.951
0.951
0.956
0.987
0.999
1.001
1.012
1.023
1.033
1.035
1.038
1.056
1.075
1.078
1.079
1.094
1.106
1.13
1.151
1.193
1.212
1.222
1.234
1.279
1.299
1.32
1.335
1.341
1.351
1.396
1.402
1.403
1.421
1.44
1.519
1.535
1.54
1.594
1.621
1.626
1.627
1.632
1.634
1.649
1.685
1.701
1.73
1.738
1.746
1.772
1.775
1.807
1.823
1.844
1.876
1.876
1.885
1.893
1.934
1.961
1.972
1.976
1.991
2.012
2.017
2.043
2.126
2.134
2.167
2.174
2.174
2.188
2.23
2.272
2.291
2.302
2.306
2.306
2.37
2.378
2.491
2.495
2.528
2.528
2.557
2.583
2.589
2.621
2.704
2.75
2.752
2.801
2.807
2.841
2.878
2.897
2.907
2.908
2.947
3.013
3.016
3.044
3.049
3.053
3.072
3.171
3.204
3.214
3.226
3.231
3.237
3.259
3.269
3.289
3.319
3.342
3.363
3.376
3.385
3.388
3.417
3.419
3.425
3.514
3.517
3.553
3.557
3.56
3.65
3.688
3.692
3.856
3.924
3.947
4.059
4.101
4.102
4.119
4.185
4.197
4.239
4.293
4.373
4.378
4.384
4.403
4.462
4.485
4.582
4.61
4.616
4.664
4.808
4.845
5.092
5.125
5.184
5.206
5.23
5.259
5.36
5.368
5.37
5.534
5.569
5.604
5.665
5.811
5.891
6.067
6.069
6.107
6.203
6.377
6.415
6.546
6.62
6.66
6.719
6.738
6.766
6.78
6.806
6.832
6.837
6.861
6.894
7.002
7.085
7.104
7.148
7.154
7.33
7.333
7.469
7.687
7.72
7.875
8.227
8.436
8.524
8.563
8.599
8.803
8.828
8.873
8.888
8.894
9.226
9.261
9.408
9.485
9.763
9.771
9.86
9.882
9.927
10.089
10.273
10.389
10.744
10.825
10.838
10.919
10.956
10.995
11.125
12.246
12.599
12.69
12.889
13.089
13.661
14.138
14.344
14.579
15.017
15.196
15.429
16.168
16.311
16.522
16.603
17.322
17.517
17.956
21.555
23.085
23.28
26.34
29.375


mean: 4.604416666666666
variance: 22.54995707638889
max: 29.375
min: 0.007
sorted samples from distribution for Q-Q plot: 
0.017030353109472266
0.01842043233632568
0.02851127394701152
0.04319835342805557
0.052306891448941725
0.08635036979472109
0.09184278513667894
0.10297675840126713
0.11836188897909178
0.1362547232627094
0.15409556844290842
0.18586522513749057
0.21053588275899043
0.21137832847923008
0.21676697436421133
0.2329895243959326
0.23622487429980704
0.279230372631751
0.2912461841735272
0.3233770471951969
0.34713769935829575
0.34940395272002756
0.35442983331231354
0.36205960859220526
0.3649155191166658
0.40060097039567194
0.4058615968830178
0.43298643138279874
0.4356967043062529
0.43647213535306867
0.4595191072745632
0.460887534992314
0.4745773591818682
0.4844033920979834
0.5009817787961219
0.512790598582241
0.5131969474090873
0.5380688407566991
0.5453287486442021
0.5501891581305677
0.5527605503066221
0.5545739480010181
0.5668015789366186
0.5703295281349148
0.593125444100681
0.642415713626143
0.6940421827544635
0.7074903985039305
0.7263352307879158
0.7384511438072305
0.7444047880064756
0.754411217007519
0.762527775264479
0.7819293112740875
0.8333216942745477
0.8858751427005517
0.8907839457210531
0.8970969194528403
0.9049677868189004
0.9050797106895581
0.9181246703065638
0.929948251761149
0.9527744846699208
0.9887335008131745
1.033885162957943
1.0446692172986622
1.0654294478077555
1.082904469016288
1.1048990349828993
1.117512803908617
1.1573885294675357
1.1590108157743058
1.1700134963482287
1.1785374347953437
1.1790056104376874
1.1840274572371892
1.188605212916676
1.207295279524249
1.214727760416444
1.240112517164345
1.2454177510048177
1.2601462460156692
1.2772408302161398
1.2968956522517203
1.3648879777874612
1.3829789415435163
1.4427295124507118
1.4697535552763088
1.4938278764518245
1.496442899849992
1.5023297123051844
1.5107564928965997
1.5809420026815888
1.6200135457420568
1.6219216209802982
1.7000892126592462
1.7051914483700676
1.7477271158435972
1.7550997156830603
1.7895714677251224
1.8105751151842906
1.8367103245374385
1.8466786713498504
1.8489285993707707
1.8724914185336419
1.8783941638988444
1.9110116167170699
1.9284492800538504
1.9449592508482814
1.9531072234624474
2.0573486623634416
2.0746947330076746
2.0821002153833885
2.0960105313494846
2.1992880231949417
2.2327048694767297
2.3335001170768876
2.3487483960651447
2.3530374595173122
2.356236462405387
2.3604324064067606
2.3694557290572473
2.486486726569646
2.5087187767734402
2.5091346196918565
2.525310609374172
2.571653916985139
2.6626490915122494
2.6924928823197183
2.730968346570631
2.7369235356890993
2.743237796609692
2.743393154243452
2.758708143674608
2.801532466835704
2.852036038430155
2.951342002296029
3.0116045822401767
3.0171796879141715
3.0197098475721282
3.0198421946829503
3.0298378881611825
3.033469097431446
3.045500202799494
3.0494294535809967
3.063444234591853
3.0688676535447987
3.0751565036931074
3.0779923786199928
3.1204268939198627
3.123784201154421
3.1527462902415055
3.1583903026818203
3.174505264399217
3.232851424309583
3.2771278635859686
3.2855999118294257
3.3144182007876295
3.3145412705630983
3.3778370690858175
3.434905361930371
3.5093917872607907
3.5224325297459442
3.552099900561047
3.576838523221328
3.6178527385179513
3.628101045646425
3.6342737780741046
3.7426347018461548
3.77793382363428
3.7791860155418595
3.7971805297122074
3.8920759241198777
3.8963022358694395
3.928505149157248
3.974110744388045
4.0027680043968745
4.0253335963847
4.039709574088675
4.040348997343775
4.0538452825054705
4.114228374541937
4.216614286043411
4.277010276411505
4.277144469529738
4.288412836017246
4.399834729845593
4.401883974409048
4.41810835446872
4.431740191477651
4.4556608181161215
4.513383834386901
4.549427566148195
4.553918077092924
4.555267731196834
4.5592622923615895
4.570148104405987
4.605588279901951
4.632798953318537
4.647690418844621
4.683919973390947
4.72752228273129
4.798291025822048
4.803365393722158
4.875179153441025
5.061039267472784
5.110499378030995
5.285434431170876
5.294583646319492
5.333436860371501
5.334427672351879
5.3443039750081125
5.392334775187438
5.399374503850301
5.42015421605615
5.559621573154898
5.662571667234111
5.677359151607884
5.691429105584103
5.781598504082891
5.79128171390795
5.797048682153974
5.850726091765902
5.85891051894684
5.883173307410232
5.94824134436273
5.9512665686949315
5.951431213944584
5.959373132239986
6.01345653010386
6.0564504249715005
6.082811359093568
6.1034496692969205
6.109711372871045
6.128364986391738
6.157791005142301
6.177688209662909
6.265692233119642
6.2912917661727015
6.313519546289842
6.378981272222534
6.656314836892903
6.660060866288397
6.698367507078338
6.804728945005353
7.07887197402041
7.28864133876299
7.455549358928798
7.598165374776072
7.720720071462655
7.88779917857036
7.922208448759466
8.355315783745056
8.396882418129586
8.447043344154563
8.665647814106576
8.772553759200319
8.805593913737841
9.068203356891278
9.101084710494158
9.153978049984836
9.207736633323362
9.251950558736874
9.422282566259382
9.623771896493711
10.202663101671883
10.207415798360467
10.532657709924328
10.569789929992934
10.829256680251714
10.870749388920341
11.165422279106437
11.240250479875103
11.261729194259765
11.354281231789658
11.39088928840101
11.589769194587333
12.012325462048807
12.627703866469158
12.75127525412321
13.189729183206138
13.250158631588105
13.606497588001183
13.925961464083176
14.248595164424449
14.666183599480071
14.807814180963904
14.815593731871875
15.491712659768604
15.519344837220132
15.741185328856426
16.421169733736832
17.29045649432161
19.0637173813027
19.460002748998388
19.80798135786043
21.196303834020394
21.26178672736499
21.483269105762144
22.145205980550067


histogram frequencies in each bin: 
115
74
33
26
21
8
8
7
3
0
2
1
1
1


reciprocal rate 0.21718277740575173
bins 
2.0982142857142856
4.196428571428571
6.294642857142857
8.392857142857142
10.491071428571427
12.589285714285714
14.6875
16.785714285714285
18.88392857142857
20.982142857142854
23.080357142857142
25.178571428571427
27.27678571428571
29.375



P(X=x) 
0.36599345811265904
0.23204224673139628
0.14711630242194174
0.09327269815378758
0.059135500808984554
0.03749229437068036
0.023770359901377325
0.015070563680489757
0.009554835963360264
0.006057828507430751
0.0038407029033428186
0.002435030766165025
0.0015438254354456227
0.0009787954256045284



Expected 
109.79803743379772
69.61267401941889
44.13489072658252
27.981809446136275
17.740650242695367
11.247688311204108
7.131107970413197
4.521169104146927
2.8664507890080793
1.8173485522292254
1.1522108710028456
0.7305092298495075
0.4631476306336868
0.2936386276813585



X^2 
0.24645626800466094
0.27651041324044634
2.8092465949679246
0.14036149764922676
0.5988146260205932
0.9377464128540243
0.1058704148376158
1.3590738299524714
0.006222116850900626
1.8173485522292254
0.6237976270959682
0.09941732729546365
0.6222863886832147
1.699185125075933



X^2 = 11.34233719475767
degrees of freedom = 12
alpha (significance) = 0.05
