num_samples: 300
num_bins: 14
data: 
13.43
6.808
0.32
49.324
1.872
5.728
13.989
8.321
14.654
0.863
2.131
7.884
0.282
6.586
10.234
2.114
1.202
4.513
5.831
2.692
40.362
3.767
4.769
5.21
0.913
9.361
12.917
0.468
6.871
2.613
0.835
1.434
1.472
1.37
20.132
4.545
13.503
0.116
31.963
2.543
10.428
42.376
9.878
7.949
16.226
38.964
17.119
3.93
12.838
5.791
5.005
6.047
23.69
14.942
10.895
20.084
11.664
12.347
40.806
1.643
1.247
5.545
51.228
4.792
6.404
28.775
1.117
5.735
4.852
10.506
1.227
6.06
8.746
0.982
7.661
6.672
9.506
14.441
12.769
1.2
2.12
15.451
1.01
12.118
6.873
52.283
13.81
0.861
21.159
1.232
48.12
9.56
4.596
29.771
0.791
1.77
0.927
2.591
0.693
8.917
5.476
8.489
27.815
7.517
13.188
25.369
8.907
33.727
1.926
15.997
14.847
4.375
0.376
0.97
3.996
39.487
7.842
0.106
6.189
4.137
0.106
0.314
0.742
25.352
10.734
14.061
1.304
4.331
32.313
10.595
5.56
51.207
11.17
14.561
17.072
26.206
0.091
11.769
4.26
0.578
4.816
2.441
10.366
3.411
0.149
7.162
1.015
4.448
5.359
2.78
3.808
18.683
4.378
4.491
8.539
1.074
8.139
9.927
1.385
3.2
1.954
44.032
1.837
26.801
7.338
11.243
18.625
4.146
5.117
4.866
4.83
2.11
38.008
2.265
1.505
27.452
2.428
1.414
0.74
8.316
0.281
8.973
8.578
0.15
14.074
11.214
10.721
8.99
13.489
6.556
4.12
46.078
2.966
8.631
32.205
3.672
28.432
2.329
20.006
7.181
4.643
18.603
1.391
1.084
42.999
22.356
5.896
25.156
35.546
10.993
3.582
3.41
59.078
6.729
0.527
9.641
39.473
4.753
8.79
36.736
24.477
2.195
0.734
3.055
37.883
11.66
16.891
0.092
8.706
25.086
5.225
3.831
5.976
9.246
0.924
0.203
6.005
5.407
12.696
7.003
0.498
15.218
2.204
2.044
5.565
26.642
8.201
1.811
16.63
12.715
7.447
8.394
26.098
15.258
0.368
4.317
8.628
51.425
1.014
31.048
6.683
14.155
12.319
20.112
22.997
27.177
11.596
9.257
4.639
27.847
5.702
8.152
8.846
9.211
15.882
15.407
21.882
6.239
2.632
12.538
8.503
9.156
9.336
14.754
11.351
0.143
0.257
2.388
5.359
9.803
21.304
14.675
5.34
1.605
11.259
3.639
20.747
34.767
1.171
11.758


sorted data: 
0.091
0.092
0.106
0.106
0.116
0.143
0.149
0.15
0.203
0.257
0.281
0.282
0.314
0.32
0.368
0.376
0.468
0.498
0.527
0.578
0.693
0.734
0.74
0.742
0.791
0.835
0.861
0.863
0.913
0.924
0.927
0.97
0.982
1.01
1.014
1.015
1.074
1.084
1.117
1.171
1.2
1.202
1.227
1.232
1.247
1.304
1.37
1.385
1.391
1.414
1.434
1.472
1.505
1.605
1.643
1.77
1.811
1.837
1.872
1.926
1.954
2.044
2.11
2.114
2.12
2.131
2.195
2.204
2.265
2.329
2.388
2.428
2.441
2.543
2.591
2.613
2.632
2.692
2.78
2.966
3.055
3.2
3.41
3.411
3.582
3.639
3.672
3.767
3.808
3.831
3.93
3.996
4.12
4.137
4.146
4.26
4.317
4.331
4.375
4.378
4.448
4.491
4.513
4.545
4.596
4.639
4.643
4.753
4.769
4.792
4.816
4.83
4.852
4.866
5.005
5.117
5.21
5.225
5.34
5.359
5.359
5.407
5.476
5.545
5.56
5.565
5.702
5.728
5.735
5.791
5.831
5.896
5.976
6.005
6.047
6.06
6.189
6.239
6.404
6.556
6.586
6.672
6.683
6.729
6.808
6.871
6.873
7.003
7.162
7.181
7.338
7.447
7.517
7.661
7.842
7.884
7.949
8.139
8.152
8.201
8.316
8.321
8.394
8.489
8.503
8.539
8.578
8.628
8.631
8.706
8.746
8.79
8.846
8.907
8.917
8.973
8.99
9.156
9.211
9.246
9.257
9.336
9.361
9.506
9.56
9.641
9.803
9.878
9.927
10.234
10.366
10.428
10.506
10.595
10.721
10.734
10.895
10.993
11.17
11.214
11.243
11.259
11.351
11.596
11.66
11.664
11.758
11.769
12.118
12.319
12.347
12.538
12.696
12.715
12.769
12.838
12.917
13.188
13.43
13.489
13.503
13.81
13.989
14.061
14.074
14.155
14.441
14.561
14.654
14.675
14.754
14.847
14.942
15.218
15.258
15.407
15.451
15.882
15.997
16.226
16.63
16.891
17.072
17.119
18.603
18.625
18.683
20.006
20.084
20.112
20.132
20.747
21.159
21.304
21.882
22.356
22.997
23.69
24.477
25.086
25.156
25.352
25.369
26.098
26.206
26.642
26.801
27.177
27.452
27.815
27.847
28.432
28.775
29.771
31.048
31.963
32.205
32.313
33.727
34.767
35.546
36.736
37.883
38.008
38.964
39.473
39.487
40.362
40.806
42.376
42.999
44.032
46.078
48.12
49.324
51.207
51.228
51.425
52.283
59.078


mean: 11.092606666666667
variance: 139.86977216528888
max: 59.078
min: 0.091
sorted samples from distribution for Q-Q plot: 
0.0195529799871257
0.04171113097888628
0.05851482555776161
0.2344101331812366
0.2569988747159538
0.2576296383747333
0.3768131697161621
0.43444341249434704
0.4581200689723927
0.4678428061592217
0.49906596634828787
0.5954660788407055
0.6384348962157997
0.6498608152870218
0.6698399193529568
0.6954656415443793
0.7260810476768297
0.7533261828435762
0.7552243404422945
0.7834185038873297
0.84609595579877
0.8899890625301624
0.9399421636648214
0.9466115022421537
0.9706869600953913
0.9789888086522011
1.0071914404197788
1.057435664604932
1.074893225749495
1.1329138274095993
1.2201886255624503
1.253311335890279
1.2650907787045458
1.3312939658577112
1.4068107676496417
1.434091827947524
1.4415683304509523
1.4651342455810579
1.5558440688941282
1.5628205755355942
1.5689077905810465
1.6144414138177197
1.744633391640171
1.7760475934712339
1.9482220870314957
1.9492211532071977
2.01878740797299
2.08335567846122
2.111778174589165
2.1218041115539443
2.1807081559184507
2.205472195003467
2.222254569208965
2.2246791814306026
2.235475951184269
2.2674722182480975
2.3038248987805314
2.355118650129629
2.3604790602073944
2.4259080155538517
2.4406801280127373
2.4968899383271657
2.4991300036745634
2.5844206066873427
2.6213112216434977
2.736340078360996
2.7515101003579168
2.8195192673724225
3.051232874062137
3.2279421238433685
3.316722130214802
3.346665829240476
3.3609213045138544
3.4362377352431777
3.459827258091007
3.482778005578741
3.500792535862645
3.5137473234680305
3.626833126786851
3.669245696086159
3.698685210135901
3.723863174712582
3.7410823508447786
3.7470206121716876
3.7479667429985835
3.7570058118021987
3.9409956404262347
3.9952364752002008
4.007306613372309
4.155504458814734
4.219364145987987
4.270385500245532
4.29819598510629
4.4678611528064
4.478874529183144
4.479250124069918
4.571172925914178
4.655810310285537
4.6688704649272585
4.73424788242474
4.782759697868888
4.803658706392371
4.902691180244872
4.929086341636222
5.035481909820005
5.044817066092256
5.063278327118473
5.166376228042986
5.201948478611953
5.209900756630947
5.222832494940075
5.365249936146541
5.390491459109325
5.488087154367765
5.506741107184331
5.644553455574129
5.645787002345121
5.656371144771535
5.6730981859590095
5.736725885755927
5.762209107501407
5.897240128324081
6.055355651528153
6.119730332995107
6.184512166228633
6.458735616559181
6.518652985041494
6.577977149504989
6.612350904018664
6.7441022463555145
6.859004373013989
7.09266857126037
7.121395909910432
7.164408824768917
7.299912075968358
7.3100193234885
7.320189355665269
7.423673966831839
7.430801181162323
7.5790809169819315
7.60056684334849
7.6329966478446165
7.711970791370791
7.856489008402648
7.8735329964331635
7.909943307674504
7.999089851911465
8.047674675920744
8.06645801295911
8.175258047768251
8.182939095329418
8.246603669383791
8.316845129191764
8.351519125587869
8.641267117636831
8.674506909168437
8.689317473274787
8.79691709738517
8.89395075222488
8.966173398775302
9.054780278410906
9.07592369524002
9.091886794841226
9.211441546661057
9.228530666186137
9.237155971804992
9.550119719307883
9.604685930372503
9.666751198286923
9.863168124699996
9.913773389714374
9.964330331463687
9.975601885297486
9.99772949213193
10.036906814258739
10.185041229767746
10.322205371218175
10.434491608326736
10.820173661389163
10.944013353654709
10.9728242267634
10.977963578542097
11.212970701546897
11.322964185949106
11.40344936676321
11.693447800560344
11.70903200832029
11.730365026726643
11.865562766046093
11.901387673023487
11.973126855157716
11.989209193693913
12.158161053067817
12.369049699565027
12.492038056922325
12.73016818478876
12.764925529887742
12.785319550750033
12.862589576517482
12.86949198483783
13.224544313220406
13.25921638261153
13.28325904721694
13.286477277196513
13.299987902717927
13.362989711336555
13.629373443939336
13.674901716224202
13.688662313098401
13.75889146891819
14.290735547491886
14.342406143164611
14.54829561134179
14.561058273093751
14.916555644720157
14.999066715150938
15.042496814032953
15.043532854285319
15.14328491701272
15.238180877555914
15.435115107011963
15.59105985033734
15.85058577098408
16.42705931686891
16.53565030759336
16.68878984369466
16.78724185083761
16.807453784456573
16.928570703323924
17.03784893249262
17.308994404296065
17.471051543190768
17.588828027292504
17.81367977501463
18.044639508976505
18.869318815431004
18.946731605894325
18.95952940365022
19.001994917492578
19.033751565118095
19.09970752522583
19.237515060795605
19.248853488143702
19.664315775035035
19.697818471822213
19.744179967183147
19.84137214972786
19.884896740054604
20.06051480696325
20.167691331591502
20.279248735018257
20.385101896051413
20.58537142879381
21.48750280802195
21.68039017517101
22.210674861300824
22.389621593020717
22.706106000320307
22.72641960809771
23.651120369322662
24.191329374850927
24.442872607639753
24.7948496562527
24.827148668034493
25.052120619209802
25.487358522841944
26.61834348640161
27.146341514141184
27.341062835328803
27.364756335115416
29.826103533035003
30.15858812935028
30.172084078227144
30.269296673738456
30.429325741237644
30.827767892787268
31.381382540712874
33.0122326940115
33.73652973751285
34.03567582092555
34.18586252045794
34.28522004443453
34.289739160137565
34.29339145230243
34.37430676955068
34.74536988072155
35.49360776643467
35.497438762485594
38.52977116415922
38.78167276786541
39.9031341280524
40.17658233410692
41.01741723844792
42.27542887814175
42.28463851228571
43.18344742755355
43.53952955021573
51.67649078443181
65.47973473813447
77.77092944167728


histogram frequencies in each bin: 
96
69
49
28
11
10
10
6
5
5
4
2
4
1


reciprocal rate 0.09015013603655528
bins 
4.219857142857143
8.439714285714286
12.659571428571429
16.879428571428573
21.099285714285717
25.319142857142857
29.539
33.758857142857146
37.97871428571429
42.198571428571434
46.41842857142858
50.638285714285715
54.85814285714286
59.078



P(X=x) 
0.3164262276857578
0.21630067011831866
0.1478574650268777
0.10107148513324393
0.06908981636593436
0.04722798640176007
0.032283812823456826
0.022068367716417292
0.01508535736872918
0.010311954643250743
0.007048981735420234
0.004818499035855295
0.003293799562832267
0.0022515549924122524



Expected 
94.92786830572733
64.8902010354956
44.35723950806331
30.32144553997318
20.726944909780308
14.16839592052802
9.685143847037047
6.620510314925188
4.5256072106187535
3.0935863929752228
2.1146945206260703
1.4455497107565884
0.9881398688496801
0.6754664977236757



X^2 
0.01210884001062768
0.26029272924277497
0.4859460422817767
0.177732601434085
4.564756537431443
1.226357919960434
0.010235717571604117
0.05815760909858297
0.04972780626848755
1.1748218343932737
1.6807991489499223
0.21266312805057688
9.1801795834561
0.1559248229996194



X^2 = 19.24970432114931
degrees of freedom = 12
alpha (significance) = 0.05
