num_samples: 300
num_bins: 14
data: 
23.858
9.536
2.397
7.597
13.63
4.384
3.936
3.637
9.539
34.879
1.801
0.844
6.604
10.283
15.847
6.015
0.102
45.125
0.494
5.717
3.249
7.275
4.28
24.111
8.471
1.895
19.723
27.434
2.578
6.778
14.256
9.297
5.791
15.673
0.872
17.318
6.868
18.198
19.103
2.725
9.514
1.32
1.832
8.646
20.592
7.676
3.899
1.51
1.241
8.924
3.891
4.94
5.76
5.501
7.236
0.69
0.505
4.872
15.329
4.01
21.526
2.714
34.657
3.917
3.065
9.16
0.271
1.636
15.85
16.911
8.62
10.159
2.592
22.304
9.31
6.716
7.885
5.488
0.861
4.761
0.808
20.673
3.759
23.791
3.59
0.138
9.034
6.154
1.434
17.485
5.192
0.917
4.673
6.526
17.151
20.613
13.729
3.65
3.532
31.206
0.338
5.472
3.465
9.102
5.211
18.582
10.98
2.585
3.785
3.726
35.377
3.869
0.775
14.523
9.583
6.642
9.691
2.491
3.954
5.364
22.692
0.638
6.12
22.695
1.685
5.184
7.643
15.424
5.298
1.603
5.535
4.078
17.802
0.839
2.018
0.835
14.1
0.73
2.122
4.074
13.383
51.418
21.207
5.444
4.544
3.809
1.211
4.224
7.802
4.848
21.256
0.736
36.023
1.27
5.056
11.569
5.649
24.622
2.645
0.414
16.67
4.56
1.14
0.91
3.638
4.748
23.168
18.546
5.454
1.116
11.108
7.916
3.21
31.8
10.997
8.207
4.358
7.381
14.058
3.215
6.876
0.794
23.236
4.874
6.636
9.192
4.564
7.078
4.298
10.297
30.01
20.158
8.758
3.493
1.917
7.151
14.822
3.825
8.364
11.39
1.53
0.856
5.429
13.194
1.72
7.555
1.713
0.436
5.866
6.016
19.72
12.604
3.143
0.52
6.324
4.491
3.282
10.925
2.593
7.384
15.846
1.115
11.479
0.708
6.331
2.431
13.2
12.298
32.321
0.862
15.185
2.526
2.034
8.654
4.55
22.042
5.827
17.749
0.507
5.488
1.941
1.869
17.868
15.891
29.36
4.719
1.935
15.344
10.198
26.243
7.062
0.816
7.306
5.305
6.164
10.604
3.128
5.529
1.421
3.9
16.606
0.991
7.727
29.885
5.808
15.971
1.991
1.529
1.117
10.459
0.45
18.491
1.145
11.916
4.014
2.735
29.739
5.92
41.553
4.602
7.414
6.408
6.94
7.88
1.318
9.166
2.182
2.402
18.161
3.482
15.414
10.087
12.787
1.047
4.09
2.918
5.181
4.266
2.222
13.444


sorted data: 
0.102
0.138
0.271
0.338
0.414
0.436
0.45
0.494
0.505
0.507
0.52
0.638
0.69
0.708
0.73
0.736
0.775
0.794
0.808
0.816
0.835
0.839
0.844
0.856
0.861
0.862
0.872
0.91
0.917
0.991
1.047
1.115
1.116
1.117
1.14
1.145
1.211
1.241
1.27
1.318
1.32
1.421
1.434
1.51
1.529
1.53
1.603
1.636
1.685
1.713
1.72
1.801
1.832
1.869
1.895
1.917
1.935
1.941
1.991
2.018
2.034
2.122
2.182
2.222
2.397
2.402
2.431
2.491
2.526
2.578
2.585
2.592
2.593
2.645
2.714
2.725
2.735
2.918
3.065
3.128
3.143
3.21
3.215
3.249
3.282
3.465
3.482
3.493
3.532
3.59
3.637
3.638
3.65
3.726
3.759
3.785
3.809
3.825
3.869
3.891
3.899
3.9
3.917
3.936
3.954
4.01
4.014
4.074
4.078
4.09
4.224
4.266
4.28
4.298
4.358
4.384
4.491
4.544
4.55
4.56
4.564
4.602
4.673
4.719
4.748
4.761
4.848
4.872
4.874
4.94
5.056
5.181
5.184
5.192
5.211
5.298
5.305
5.364
5.429
5.444
5.454
5.472
5.488
5.488
5.501
5.529
5.535
5.649
5.717
5.76
5.791
5.808
5.827
5.866
5.92
6.015
6.016
6.12
6.154
6.164
6.324
6.331
6.408
6.526
6.604
6.636
6.642
6.716
6.778
6.868
6.876
6.94
7.062
7.078
7.151
7.236
7.275
7.306
7.381
7.384
7.414
7.555
7.597
7.643
7.676
7.727
7.802
7.88
7.885
7.916
8.207
8.364
8.471
8.62
8.646
8.654
8.758
8.924
9.034
9.102
9.16
9.166
9.192
9.297
9.31
9.514
9.536
9.539
9.583
9.691
10.087
10.159
10.198
10.283
10.297
10.459
10.604
10.925
10.98
10.997
11.108
11.39
11.479
11.569
11.916
12.298
12.604
12.787
13.194
13.2
13.383
13.444
13.63
13.729
14.058
14.1
14.256
14.523
14.822
15.185
15.329
15.344
15.414
15.424
15.673
15.846
15.847
15.85
15.891
15.971
16.606
16.67
16.911
17.151
17.318
17.485
17.749
17.802
17.868
18.161
18.198
18.491
18.546
18.582
19.103
19.72
19.723
20.158
20.592
20.613
20.673
21.207
21.256
21.526
22.042
22.304
22.692
22.695
23.168
23.236
23.791
23.858
24.111
24.622
26.243
27.434
29.36
29.739
29.885
30.01
31.206
31.8
32.321
34.657
34.879
35.377
36.023
41.553
45.125
51.418


mean: 8.79558
variance: 74.57602765026667
max: 51.418
min: 0.102
sorted samples from distribution for Q-Q plot: 
0.0010060503904539535
0.0035367530729554977
0.02528249292317349
0.11113630993678084
0.12357623625166045
0.13310270105268485
0.1376963961643221
0.14026957597615589
0.1623450790627013
0.16492510056024356
0.1655622114211819
0.17201475789554097
0.17661878564200487
0.19139043789824609
0.23361603849686094
0.24424995622064902
0.25256368241959504
0.3503972440576287
0.40085689994224516
0.4507233842113376
0.48234164270679597
0.4874229648564754
0.5434599179186534
0.6001856005070723
0.6005536326955369
0.6037057438655455
0.6056055611501298
0.6213823279396155
0.6385107637021762
0.6569931548360551
0.7298154865809771
0.7817470455987278
0.8521498438401448
0.9105654918800103
0.9495505449182333
0.9582908159474253
1.000252596326841
1.0720109103388662
1.1378067156357017
1.166180057402993
1.167160740678325
1.1878606609131785
1.2251795191154653
1.2349743958123067
1.2763907197735977
1.2903954129846333
1.2973295789076573
1.3007853800844695
1.3191768050074948
1.3305330660164811
1.3956613625199534
1.3959429413023696
1.5000060910193533
1.589782018720282
1.6370798367301787
1.663714311804355
1.6808954522867712
1.7047852773571566
1.7628080982986338
1.7886113274541626
1.8128977532396655
1.8907849537331018
1.9125695011541184
1.94182855457663
1.9469676682255361
1.998959073010666
2.011763824354838
2.0752522203875245
2.091460213352434
2.249979239362303
2.332895106307715
2.3488237379454615
2.37949120560298
2.4120695043467744
2.4860080683639443
2.5576480901851855
2.5581299174735426
2.6521399657482605
2.687666625589631
2.7070626285267303
2.7145693951653214
2.767194762649039
2.770573186095579
2.879417205043768
2.894809318445857
2.957769283582008
2.9595247002706833
2.984884578983302
3.0572878328922473
3.1665209863380324
3.3074777029298796
3.3308323291511712
3.3343117620350844
3.3580748157801645
3.358352313235145
3.4268715710326694
3.47849755990849
3.549564329122275
3.690606621882087
3.6994068802629854
3.7180505773100085
3.7291190638526706
3.758805807780488
3.7740909562327762
3.887911777306048
4.065045433403044
4.1562223409656385
4.175202855907261
4.206605092141003
4.234483352481512
4.316829470897956
4.347734073007133
4.418206683873902
4.445748266820225
4.459017457867673
4.514724084934739
4.613103657098138
4.652939729973547
4.701510492468872
4.703361263504943
4.746146310080146
4.750414006285693
4.778984901422424
4.794129057423193
4.80800441276693
4.893402459313181
4.914756575141775
4.947978338991648
5.0010748093938675
5.224700859209126
5.256918121142667
5.272310241952368
5.417764456695469
5.513212815539118
5.853580364131889
5.859647597394043
5.926829283656432
5.9496288917594775
5.987710732022636
6.196803809712001
6.362527127583293
6.437592155828958
6.541682980891906
6.585978455253737
6.59819707600386
6.700297048848186
6.751904897448442
6.807425116569779
6.807698425695496
6.952222439823372
7.014506552598761
7.041891514803883
7.078669640576117
7.146161862693823
7.154350669083724
7.19484877001928
7.215344427042301
7.241618307481771
7.384437097773327
7.399743924391127
7.399877621488897
7.474256347583553
7.498793432597684
7.507837075684275
7.5201112006041
7.585410834378712
7.596510667090375
7.6248366788185304
7.658675242926163
7.67245277874528
7.751615055910633
7.768527882949188
7.774450401592774
7.8272371263005756
7.917126854552097
8.039766759319885
8.154605828308101
8.163626729097404
8.199599561067489
8.327921613096926
8.436208036031896
8.444625151941931
8.50943781542389
8.54980013141355
8.55500148157787
8.588582729956787
8.595873942896187
8.699411589722326
8.738312595376975
8.972853284508341
9.024364639385594
9.559399397234552
9.578239646610061
9.587473604330686
9.730908634138318
9.76380031812725
9.772379829487251
9.961747031355433
9.990036727333123
9.996428425689452
10.166632457126
10.202511108383082
10.326718589918142
10.354654560969736
10.367380916836378
10.426973076748439
10.49684330458603
10.532863998082464
10.582557424034153
10.934190228251182
10.978947881874985
11.206670592898758
11.386932195388676
11.619317978685029
11.682943765197104
11.97868112431987
12.03063028328019
12.092574200996726
12.128962034980102
12.194028687661016
12.19834175738825
12.221881136220981
12.226482626416113
12.290747973022693
12.330704533450191
12.37390857305175
12.387596954180559
12.960519886020144
13.010340896738835
13.64049557240246
13.696669395210318
14.052707657417445
14.094742180068394
14.183807630861946
14.188745583748528
14.251497052407789
14.36756114599288
14.47409698700307
14.485747336346316
14.48715188807017
14.583548583677388
15.437398381957742
15.52587356365295
15.532818633853488
15.82803074771564
16.230974447174788
16.382808904591045
16.502258740210323
16.978265872659975
17.18780158803843
17.29485898451959
17.518485096999694
17.579126260982395
18.388188837265762
18.512033400601545
18.51384253401048
18.563750063111968
18.648822112314893
18.894673192835416
19.095635680097946
19.64833074477569
19.790546373630697
19.897984876798624
20.554958725047104
20.55699760368801
20.597156311020015
20.740123722601233
20.968373338814132
21.03727302499677
21.04307861679576
21.744988003824936
22.062849132282675
22.077087071854503
22.55422918503159
22.760410699980728
22.92255603338261
23.082126905988176
23.319304904140882
23.641084577954153
23.722057024361977
24.761349319263736
25.446325667863384
25.999196746601072
26.177842432687978
26.259813328585963
26.38023898188196
27.859637968715745
29.06022709384466
29.446260928609053
30.077863283423177
30.346749441178464
30.72448101362956
30.848072984664476
32.0279414300374
32.03416362543231
33.087597484433374
35.74384191950782
39.365145868901955
39.55645689725414
52.096243663972274


histogram frequencies in each bin: 
95
86
40
17
23
14
9
3
6
4
0
1
1
1


reciprocal rate 0.11369346876499334
bins 
3.6727142857142856
7.345428571428571
11.018142857142857
14.690857142857142
18.36357142857143
22.036285714285714
25.709
29.381714285714285
33.05442857142857
36.72714285714286
40.399857142857144
44.07257142857143
47.745285714285714
51.418



P(X=x) 
0.34135041733322047
0.2248303099196567
0.1480843897994245
0.09753572154085577
0.06424186228798778
0.04231287578571996
0.02786935797769563
0.01835614100120042
0.012090264609813106
0.007963247739584456
0.0052449898003493756
0.003454610343091691
0.002275377660753697
0.00149867654666469



Expected 
102.40512519996614
67.449092975897
44.425316939827354
29.26071646225673
19.272558686396334
12.693862735715989
8.36080739330869
5.506842300360127
3.627079382943932
2.3889743218753368
1.5734969401048127
1.0363831029275072
0.682613298226109
0.449602963999407



X^2 
0.5354798318941134
5.102161292812215
0.44081688926267104
5.137439760292848
0.7209119957780422
0.1343952261553343
0.048866953779585415
1.1411727404040397
1.552420462956488
1.0864092224899462
1.5734969401048127
0.0012772595142610868
0.14757157342917968
0.6737875892620618



X^2 = 18.296207738135596
degrees of freedom = 12
alpha (significance) = 0.05
