0.7409668534610623
0.2094788789687824
0.15989552077711197
0.4980706768323098
0.7899383012036835
0.34187164600922515
2.455435000823798
0.7175808452229435
0.4075134449119418
0.30935371246635196
0.26123203184181637
0.8115338981648749
0.3587599951697919
0.03824107178983417
0.31544270184540496
0.8323988780722462
0.12522356501407536
0.1198946472979415
0.47128211209031884
0.47164866274421274
0.6253389671366196
1.1766621610542374
0.8010841795737408
0.5868189240489998
0.7965628502551442
0.24238958639216218
0.2790954115269576
0.16103137724150457
0.21610852599429883
0.6195442576529462
0.06005090281264352
0.3533912002933072
0.35028401875161863
0.42297341684559425
0.3448129169194592
0.2326466534772684
0.34537711530863
1.3912144656129009
1.7931190028329156
0.4330604648350419
0.6078276487097705
0.07635848955662722
0.23720348625354304
0.3330149285211146
1.2505469090659207
0.17916454620295585
0.41003569238482035
2.6336467141039193
0.45547692073351487
0.5898154905436996
0.07988932929854964
1.087991048877225
0.5742241762167408
0.4894779540750551
0.260840262519721
0.22533375158077618
0.33535154181484245
0.7106608415651756
1.294595585598759
0.44386472438032526
0.687714680303829
0.5479765665728024
0.6094005655990656
0.6978996856270743
1.1480686260316835
0.053981573709961345
0.8965271292506193
0.1735608874263855
0.13420632169537253
0.5280671611740171
0.06252528955269178
1.3459083776072274
0.61329883291015
0.7987452589338072
0.010105610889908787
0.5608599623742746
0.5056943378371149
0.10758696976757096
0.1032504480314603
0.7390458926689969
0.23855305343462338
0.7318230442861491
0.5023354337014624
0.306124361071179
1.6108840737737724
1.1454235507422557
0.27483411924338336
0.027699196313023665
0.22591209621730177
0.3155887314486503
0.7585969885406829
3.3390051712071536
0.2734018190942911
0.8935493417807446
0.5589398820677097
0.7312815663811554
0.10182626682726492
0.31630231288655236
0.1712558163273903
0.2614951247476398
0.44730904106908265
0.6826811146055406
0.06957230612797917
0.08718746445599937
0.24149221936619855
0.6733187995973764
1.1647026072204758
0.5007671828880473
1.1977386004907695
0.3019554440593614
0.236750700192395
0.27181159496504476
0.11660966382603358
1.0979906353632418
0.25698198394388416
0.49953410474471066
0.5369898612902891
0.45813128744674636
0.001672813179649352
2.7668397103694677
1.4651141886771208
0.1446384072834675
0.21503188046172633
0.45615634521070414
1.442991835927017
2.5557266310073077
0.18506833817183407
0.5164061575638975
1.0222653375626047
0.3116608917506129
0.8161921908311378
0.10914761632192886
0.5705377203354393
1.2484831112898636
2.5515916243618655
0.051391280997621025
0.3475432603733692
0.1422171972649469
0.3722601322749255
0.4931712723041728
0.06088779540022215
0.21888357994305402
1.631576735582845
0.5230677305577354
0.3799726717081716
0.87037438827695
0.8416391498360538
0.03094860044826109
0.7665222186585562
1.135970758946567
0.11276495035386377
0.9438173997620156
0.20982484180908542
0.22743510915110693
0.6801452486161491
0.07339570199946241
0.6794234209707523
1.3597731175543695
0.7406436042096273
0.36070644365093624
0.3583639865367605
0.9002549081608279
0.5182390944188202
0.05514125336310882
0.5430946025247737
1.0481510699912244
0.25547603938402796
1.63151099572058
0.8633316844111232
0.5304072969264445
0.8656470191408308
0.05124492727105837
1.219183144190994
1.070918642687193
1.4955914397680756
0.08557081749727424
0.053023193969510274
0.0925886702814146
0.31682195666640467
0.34316615858300054
0.5133598175209404
0.08103165879451463
0.1397661945628134
1.037504201735209
0.39220543138690905
1.025394641307307
0.00463252846062873
0.4984557946602274
1.6700577735338447
0.5423569639679493
0.14343160734874044
0.7861584514612856
0.29607137633700625
0.685969647325649
0.018493926094870126
0.6278930099129235
0.020339428583496518
0.8487055559824913
0.39798590960965075
0.08068539297476844
0.48616438077220214
0.04294908606133684
0.6584414968954732
3.445007132603614
0.9117399818909258
0.5299847286188231
0.06730127217942194
0.7478948842856935
0.6725911829794338
0.03128711759390828
0.9767450214671162
0.4544837375108079
0.3448534037879447
0.9645610752600319
0.3295654856090775
0.4076264481757486
0.12456793859241558
0.24088599256246288
1.160774581455369
0.1285866908641356
0.3356382112427913
2.8047160959271853
0.1677812950780949
1.5455430844797822
1.5573500838798122
0.059497645798376804
0.3871621609675278
0.4335342826420767
0.23392004863179514
0.030139480488392958
0.17193545547491648
0.062399620764229224
0.1691260699828887
1.0249187615107753
1.4005478053738871
0.02745974441726115
0.2233952679862789
2.4495825537592415
0.48192427821812645
0.6117342249952255
0.0034559216007559452
0.41229405275107617
2.765939996000512
0.2922798258595538
0.06343700990540697
0.38514467957042975
2.0489757015712757
0.25995844663805073
0.9968862961855056
0.9966502034339356
0.14511894430320676
0.3640911454286119
0.781428529825625
0.3284581029440827
0.131730838389357
2.1293832994843784
0.6537715972046276
1.2466113153941794
0.015888875040744956
0.19295611281153455
0.43335298561933283
0.043398221387096036
3.086620744745186
0.16766943688947183
0.291391890617288
0.14965956406404396
0.06925082720972778
0.16443625146857221
0.22220634535199038
0.6254091920502195
0.20522366151683327
0.2795708984344239
0.0037043445310997614
0.2829346416512127
0.47438709924214884
0.10984941244190814
0.5654760131245609
0.21561457926262592
0.6213562490887048
0.016497570985289364
1.358315495301611
0.010098930288242762
0.08437863180260498
0.9330274612725542
0.029197991676307735
0.7714513801527636
2.201295205781975
1.2760433396702227
0.7696539881774446
1.977716538208788
0.34913914424736897
1.2818629664497612
0.27344312015451777
1.6505677633823799
0.10010831622069015
1.7487639065397453
1.11123604313937
1.1628776867588304
0.08222189979209377
0.5640169873012467
