0.01540793849865299
1.1906281952636995
0.007241070751314351
0.08262867029427844
0.23821388394896612
1.9394141341286872
0.4212589933387431
0.7238099744159284
0.7826578082331761
0.2381716974600894
0.7914266045702605
1.008294982736469
0.33016370078753143
0.5055980137936535
0.562562424663734
2.5108422295529693
0.8254793243681856
2.7606373891552862
0.7569663146033769
0.6472089614790978
0.003298606342543697
0.6111947090860466
2.445708886612087
0.20611511990638584
0.04987058351200547
0.48679115122537703
0.43426886254179925
1.8140716400970915
0.02514330941321924
2.3562606577179084
1.064831126362575
2.1867544804553587
0.8718932389081427
1.5577905303985153
0.3810765128541617
0.4009600537659254
0.4605978662873494
1.3103847633483743
0.42966775314152456
0.2585607181003135
2.587161079275449
2.224344355166119
0.3998586852391245
0.9386155549103394
0.2982973093751485
0.21517072338164586
0.3821934650945727
0.3693044758643919
1.99439139907864
1.6105678395572205
1.1527536948164103
2.985545544026648
0.5118992417731173
0.26202797023442853
0.11641622508005343
0.33390129757660936
0.14632250208984285
0.09015991151414873
0.861037989962551
0.4221545907794584
0.7750634106230303
0.19797566309497747
1.0532263628146836
0.22626297592152528
0.30368072564705584
1.2620945350814015
0.7647745816181383
0.38008449244393033
0.7299678519845172
1.1038536534059429
2.2670712644319404
0.8102807115527233
0.24690594347895886
1.2800898488325614
1.4020855590786587
0.20848534389052545
1.6015380636040113
0.5829757856500282
1.4105031655107287
0.25274583569063597
0.37692790078748556
2.8642757670463577
0.9997102054957152
1.3817905456918673
1.0869175977895442
0.21304657741216704
0.5930547646687522
1.543087379408011
1.0478443576712773
0.005636285161237818
0.08526599229232641
0.3969963142190904
2.693122523754593
0.6298799433765312
0.2936029469351112
0.41665256201204515
0.22051413708437617
0.509733217167922
0.22927422180016058
1.7424918658619575
0.5680014499383909
0.30597985618997414
2.518327043192155
0.35180827943118664
2.241770252277242
0.041379925291781736
1.1447361463812464
0.6165976973155884
0.5475683172867841
0.03449142208780343
0.03871849567752125
0.3771700540199138
2.7404500170758594
0.8962726386607833
0.42905259882108476
0.8825185726654697
0.2151899900661502
0.16817435908765646
0.4186859406722406
1.8554389590640825
0.6638573888041955
0.32838019494516135
2.797367378471936
1.5778986090063178
0.363605970150275
3.336455865549559
4.073948376205361
0.48975211382633443
0.9945701089597122
0.48502385995363356
0.277359693968423
0.08042129613094125
0.2852537038357402
0.2952695247502102
0.4740868458347112
0.19057006575316238
2.8667207774158636
0.10120631829643806
0.9148614950977688
0.5433449135473979
0.5134740665463972
0.43366793644876045
1.8899154821007247
0.3068539274903036
0.019381475181735375
2.332604879058201
1.8631588140242423
0.3022333795581292
0.6910144260150879
0.10767991610762265
0.09143510962832306
1.693710834744735
0.49228666927858933
1.0104000271316695
2.673803602829455
0.2621484340134008
0.012349217813981954
0.02278775167623653
1.151991429790682
2.4091305489090957
0.5871585593878078
0.43830687050168604
0.7297060636039422
1.8256536570469875
0.984413592917761
0.24726260832970223
1.388804192350044
0.13477864152878957
0.1687255523427141
0.884214442473078
0.2543428465491662
1.137328841111686
0.4008916908036749
0.30290680135283937
6.366388497596323
0.0386533267686637
0.9675983851839228
0.03679292109791326
1.3311951789701024
0.24375685951387435
0.08774553326854612
0.9745390653295168
1.2296037361562397
1.0566645965061394
0.04968356397594887
0.32494647443472774
0.5591586449352173
0.315478750720562
1.550679840475728
0.13101769004325883
0.8830047738493806
4.139891443663331
2.1706448725368572
0.23420078405242328
7.63399219547992e-05
3.6751101908961092
1.9978573612775408
2.3483931069320088
0.5006032884982189
1.2724582862050324
0.2230909278762346
0.464317844449306
1.7781929479716228
0.12726705430628982
2.0910001494302515
0.6396736389443817
0.5176515942423584
0.3400474289430028
2.318504776626336
0.6796123682185607
1.5192995479992164
1.8173320258629853
2.382702661885953
0.33701059510031434
0.38708227705219456
0.8427688434272843
0.5427218910239955
2.517645020185735
0.4724218528350381
0.6056246886103027
0.8951179279997293
0.4835918312453817
4.558509888102275
0.0970294954404506
0.23234053940642027
0.3631670936595758
0.14900838435498417
0.31171504491140184
1.408298897022924
0.6898500679062157
0.03220189478867549
3.7778762724001
0.8922497998855331
0.05662998547694728
1.0088917520751697
0.4431832128297637
0.13592098181104784
0.77312629919853
1.2105513465111926
1.0366990219059231
0.26509539484527767
0.6937154708473006
0.7191679962305468
1.1760942957619156
0.4158419768669136
1.489831800085946
0.9216348395866273
0.036436145352216856
0.7371145875387842
1.845658087158065
0.7815165927919528
0.18026818414897355
0.6657112064741681
1.3185899195620727
0.10874467089650687
1.5836554451968277
0.17087486725418796
0.7119634977766433
0.4543077451523639
0.2664722892640033
0.971845629792683
0.035525866841104835
1.3305560724985506
0.6977943958058548
1.9442542162701764
0.6856125906645194
0.033244203091222474
0.1445107766031921
1.4800754321464829
0.6313203320008579
0.5436486590924473
0.35737674351402526
0.31214488015579805
3.1490723141131376
0.528884162745831
2.0081676559557557
0.9737794208922218
1.8224268915115438
1.7838711960116522
2.9184666357924933
1.1159881191786956
1.525842013705375
1.2314416688729757
0.8664408457336036
1.1779090606524067
1.1726346601174824
0.03893677830743611
0.6766937261412823
1.466702618601453
0.25947443479306337
0.5833471872037292
0.5322050559801782
0.4805393873899578
0.12111879861962982
0.6953754685057938
0.5509749536990586
1.015030692710976
0.7431651056308973
0.026036134863009104
0.030239603988497562
