1.4961007186207633
1.522162615173893
3.9829745712697244
2.5912755495813524
0.7814334130610215
1.217228915097641
0.7563729524777912
0.3122714953601815
0.5851743985849903
0.13578706373526933
1.3595258442722442
0.263972015557989
0.7987952398814654
4.239494729889713
0.03983925717465216
0.20371492994386242
0.43904104260501997
3.520760716464192
2.965123694459865
0.2187957539967831
4.91414597441395
1.7198916394608086
0.96125409996053
3.322560139260623
2.6310923039099583
0.6145963886632853
1.3222854298647404
1.2904289891604628
0.4901880953956071
0.24475507610931704
0.7785282339116758
0.3782588228755556
0.5429789759675315
3.815717057977293
0.7654284734580662
1.4296496666784646
0.5073422578948102
6.793112324026196
1.331049908316379
0.27008416698129656
0.12793724870243176
3.550332441749344
3.585631614996313
1.2021707141675015
0.021215645918007127
0.3164024913658843
2.0003568560247524
2.5788390990485786
0.7491147117591817
0.5632129624495774
0.39678678389643113
0.15399879276218262
0.15228122213253364
3.774791693687166
2.0470082852989324
0.2229072455203653
0.2872019983131616
1.3194369413766829
1.7910164312027423
2.0579808823983257
0.2207722430693781
5.129159136266242
0.32003184594401257
1.1020038220101753
1.0965894189794716
4.23665744688201
1.327065020381096
1.0884762521035463
0.9054668482774281
1.790981307414364
0.13878993319807872
0.0025924137681370626
3.771822127567734
0.8547731871957193
0.4927054490276037
0.5681644192336323
2.016449458143337
0.5965334976409458
1.820318907149226
0.7188169830044931
2.3006298870237605
0.09812618883626889
0.8122274718777317
0.7786207213903186
0.38001933275184935
3.559828422284252
2.9143908954133684
0.7257710469928209
0.12653181427969637
0.2867853785853081
0.39213352217863956
0.8196253503417629
0.5113534183737005
1.841872825606647
0.8001148323859633
2.529256075160367
6.769609477274017
0.307326223909458
1.1709955964990786
2.3281249535965816
3.595959977110198
0.42414185334225357
1.607423877276082
0.018730456459207075
2.61599742849203
0.08179751401560571
1.636576160953351
6.466241984034989
0.8610415519945905
0.29077286622578563
1.117868589704189
1.2114297322889525
1.3652770466974642
0.23457119023387635
2.834685956894503
1.2010694470371228
0.055146805087023014
1.4263132013511357
0.2701990101689412
0.03431825273826286
0.9911501740007878
2.0777086289186077
2.433459395250414
0.13528526390667475
1.3466579168063162
1.5327667855751825
0.4318922028087093
4.398603183178181
0.40442196393780894
0.08981629848877705
0.9067738166625761
1.4672362784374142
0.3473570200557017
0.51173722452625
1.0265953727000021
2.6956986492187527
1.7030130279247553
0.29117683963017393
0.35907720190092135
0.9186777860956511
1.8138158686703845
1.1938082204583949
0.8613753680378579
1.1254712147016261
1.746562569140143
0.953481669805283
2.823008416877865
3.6380554466619746
3.0568874245724964
1.7387633060168817
0.3500826711250278
0.6023623760054274
0.40667658453432626
1.327038976253189
0.48514638873531246
1.7381243448341945
0.1491555113248289
1.8486257048807615
1.0914553603679804
2.23349788628299
0.6977870354865727
1.214115335571108
1.000722720894634
4.60039972269034
1.743594091516686
0.9743375773366331
0.23669818815504118
2.902530649636773
0.2853108337533075
1.2997964769094883
3.4121696302654296
0.3132809995659004
0.3170239060798978
2.3636723141103397
2.1766615133455867
0.5365427447966414
0.38131289483387204
0.16869111702985
5.468759214334181
2.233155100562285
2.843011774134148
0.8924332247689556
0.1503790871518438
0.06686639294600484
0.4968533953532028
3.131888568204491
3.650143569303054
2.2777105166983493
0.2138983530221208
0.6741894211410809
0.34995441774146063
0.2845503450185125
1.4293919107380129
0.8241745854790173
0.48640742272051113
0.13072770467495784
0.9742019310985324
0.5276414899824896
0.6141476290560061
0.4602770959081462
0.6062425946908533
1.0047506884451576
0.01763454783801906
2.3293000512004993
3.1568359904316856
0.989982954429679
0.3862496781921256
5.730988057169614
0.5981858441718866
1.4645683411585269
1.4496945230951024
0.7052780500091395
0.27494196558854145
4.2073270255429405
0.0814699812088123
0.8218586051788362
0.30874684478895076
0.4309399676154204
2.182943185372163
0.5666223042728106
0.10773724597413893
0.2705454764900442
2.437286021344448
4.671482492993194
0.3861837950003566
1.392945437738946
0.1048379876074414
1.5913055140830819
0.6667708876388801
3.0986127373303396
0.4621231948963141
3.5135494961907976
0.8661588556132528
0.5311876435983742
1.2891462740995607
0.3557216007343463
0.32318051739378045
0.2706031477703324
3.9817523813127274
0.8406702737303043
1.7242074676088275
0.7953167975824726
1.0963625050498986
1.0861959966131507
4.8359317082713
1.366621885994438
0.3393678682213282
0.018958607134257753
0.3054967086099417
0.7525881490008779
0.6188826848377562
2.071178184632339
1.9061079136471815
0.11552412188075473
3.7594257571045007
0.9280108629843196
1.1232565279602662
0.6428621760253602
1.2978795818315518
2.538417801360771
1.3873401572894661
4.34507050468196
1.4951163787342612
2.134752564067586
0.0570521162666857
1.3826508201130814
1.3165689561668465
0.13283672866958798
2.2872843895740393
1.178994486767994
0.12813506607274852
1.1173297824143222
0.8057726796782189
0.32886711998718365
0.024702177284784757
0.5633040122015053
1.1973504807807165
0.4944461350054537
0.4544481989423379
1.7217491772525957
1.7596465921542737
1.5704428347065091
0.1320595395083444
0.8987793668434327
1.0101673633314467
1.6907208733806538
2.8904983867406653
0.5700967000330035
0.6929844060688014
1.6336639370421948
1.3451658425108906
1.010366820992307
0.5335603114301203
0.26907276383237416
0.2514368241138278
0.10535588091914119
0.10484048346067816
2.314368018498405
0.5991470343910333
0.07757406426644073
