1.139285234588829
0.4686941936804586
2.239464049488868
0.7142783246131477
0.5986858116368675
0.1735412065831113
0.8441476726726853
0.2262626296748885
1.2440822850733417
2.518326125847177
0.0052069841191261824
2.0585473865695927
0.2954299701567004
0.44595433912605686
1.7159027367711104
0.9956193663306306
0.18548123519610688
0.0677999660478844
1.2248067414020738
0.9148761544010588
1.3007111066273664
0.32251226490331636
0.4509129277499508
0.4163210698296591
0.251533865281821
0.27219915302623277
0.8440274784625867
0.930883750889658
1.3271376582896408
1.2403963640348354
0.9332235939946338
0.2693055383037811
0.8239815548566117
2.394742834178424
1.6504458928947936
2.3676640687318646
0.02454523896555696
0.6294282151784569
0.16140306636513418
0.18842270400194125
1.2367966592879234
0.9231675749022479
0.2653518310214496
0.4883805375051127
0.13887584627713076
0.0025521068208681852
1.5322214818927649
0.8230548209618118
0.5008390421650719
0.037016397562557146
0.3635114697054025
0.31820476809723264
0.12525449887108914
0.11302870692446707
0.12656593059129415
0.604598654577184
0.08864752619387309
0.18138394757104
1.9459700199242727
0.1649059590230867
0.9606082120310876
0.606589914309223
0.35473998508864585
0.6020452619070807
0.09546188731156494
0.4406067918297933
2.382911657894819
0.3714658761975256
0.18518119228024899
1.7465954520819067
0.6280163230440042
0.8661740764800779
0.5217680467339678
0.007497642646115576
0.9380077377538683
2.5616704300958064
0.8382295829530512
1.100971613694861
1.2697179672062908
4.747066585615385
0.2266481737051868
0.39714946843242876
0.5209252794328105
0.1100911237139034
0.436475318218008
0.21585299953629175
1.2070465225821283
0.28371041886364273
0.05671501726056322
0.006746493189925724
1.3111477485879737
1.3030940459162113
1.809944333550955
0.05012410263882726
0.33419448644437666
0.37201634859515187
1.3127737989789623
0.201681150987829
0.239486529076319
0.8781921378372763
0.1321228979587368
0.6714701358369132
0.9022329223529698
0.1324484514895586
0.16702654640398726
0.8008887523310875
1.0531300283086427
2.04005404504757
0.24566280579371869
0.5294340212263624
0.1056745445324908
0.3822220190898107
0.20141112989083843
0.28548292447937945
1.082466989306303
1.0820072480229643
0.811383575274513
0.08783848606800813
0.22236914119679868
1.8647178273304832
0.40095818554638296
0.6472206255071283
0.012298643765818901
0.48575817506355495
0.7776506481379396
0.040390300443280354
0.0815234656225828
0.30579014514986325
1.9238769838059147
0.19040283658869955
0.014535369918055843
1.1027876108719605
1.2593136926867803
0.5120596437554549
1.4877633722665309
0.13129675644240904
0.21372790185589954
0.01375154385344497
0.5828318937323551
1.4534511467563258
0.6205803029989969
0.05570196686486346
0.7864453707343104
0.7499679107514834
0.12140721336152663
1.1753725095570517
1.6205394955862906
0.3308384989014496
0.24577277278148688
0.5689833422840708
2.392139239266297
0.8591335307668003
1.0388973750259836
0.9740657783921932
2.09411640377781
1.1273624456341158
0.2079225776552597
0.17507851861793736
0.18448656662696938
0.15936370249115114
0.1554250756325061
1.8141346586118714
2.0163340312330176
0.06266259901977371
0.044072638323623584
1.2945888635722758
0.5520931123796188
0.1582074041531574
0.41234949042046015
0.05098635015622183
2.6818558762282585
0.10034355367257064
1.093345064137041
2.1127264259199783
0.826199780770988
0.06171012983464474
0.5933844534757662
0.09208764659550504
1.3424475768353854
0.7436023576024596
1.8956915314845457
0.10495187964448016
0.40236769317576887
0.5219991235549101
0.07631813823095082
0.7519529571143381
0.5562154468355951
0.28470853984662137
0.35446849932839425
1.0587392079054314
0.29330964667616294
2.3949532402893676
1.6660808130906584
0.054112039440769893
1.2734512386193337
0.7455429763616463
0.03787581685700876
2.0693895188021267
1.1931308297290486
1.189928866208674
1.6457353544576732
1.6900973483542436
0.16458009586705388
1.8438527169046381
0.0326900361148331
1.4191467565968654
0.4060670574593573
1.1839247697880777
0.21223635851201378
0.9357312027922131
1.0869986652254315
0.05617363271043323
1.6360966619960233
1.1312059134411534
0.6023349828996508
0.8191400118005581
0.2824442786317179
0.4232513545330293
0.1061037894371748
0.46120514066459795
1.0163279003009946
0.5439876474511096
0.09535770096263133
1.1775855552068375
0.8914198001897374
0.02533809768548532
1.0876184192872693
1.33397012992121
0.47801456633375333
0.31665198436053954
0.05801681686761059
1.1726216021203906
0.0024396462885870446
0.2800743329679566
0.26429442864387653
1.61767381196923
0.39703691385555046
1.460992529236451
0.06225382410809706
1.245465414693592
0.6307648091216895
0.513819694532812
0.2430742918007694
0.44863086267994673
0.21261474955201617
0.4049720677173642
0.9747375790315167
0.6536682700541327
0.7594702847190878
1.4826154731900725
0.03620103760634102
0.14763586397165043
0.8572748083132994
0.34918209058640076
0.6991214642491371
1.5177895834340478
0.8864007626041283
1.8002066346877932
0.10968754383918956
0.9405439859603385
0.8071655524884088
0.005045852350302082
0.0292353515382526
0.02286382539087311
0.49914468724017463
0.9972615299238321
0.34595293020953377
0.0021531520535624606
0.12794939196081023
1.9742191775228874
0.1867488285113907
1.2778345553196084
0.30792026143682383
0.4902984663221354
0.44779980276208126
0.09612342746907569
0.30346942811891825
5.2853727911931605
0.552680186207258
0.4165906376649206
0.5301863226708253
0.20311430135671094
0.5561089206729207
0.8673064332725793
0.07434000459727504
0.21720641766537668
0.15597917667387837
0.9091621852009797
1.8260711188471777
0.36794711903164434
0.6675955163839545
0.02110455300115027
0.09382576688827375
0.32295459927598275
0.726662237288672
0.6805741335161474
0.14202102898845564
0.09490604860420558
1.8514295895122816
0.2922210719134944
