0.32560524354443665
0.05288847011095224
1.272134861610898
0.5819204599758292
0.376428286571583
0.2978229033327298
0.02788399192273758
0.12727531482080415
1.023009747436184
0.5136981120062659
0.11373561552735487
0.11068595324413055
0.2274410495012013
0.5041358037259228
0.41257947101683423
0.3951327899252217
1.0723728662411154
1.0423247945853509
0.9845481889150758
0.6397088625156654
0.26298141457629737
0.1656099816428111
1.644740633838421
0.02445648318498003
0.5083869778945892
0.987713196744076
0.16746851629141526
2.0324194077427555
1.1456542739003204
0.11731756460218286
0.1663074721273785
1.2011093635479375
0.061055479668699994
0.11021359288440533
0.49496034544462936
0.0839164556297114
0.448525320763132
0.45224222510900364
0.4787705178795673
0.15231360326075358
0.908137308248177
1.8583947338283315
0.1718158267884724
1.0587106355510658
0.18301749048808028
0.22646877830242013
0.8122798635284086
0.0779586532996513
0.0336695883674801
0.25795211322693007
0.07330131844269963
0.04374688848727581
0.468892650579427
0.1072937491367282
0.18890970634516036
0.689202294358321
0.05151119755546594
2.6971024337653944
0.19487313205969736
0.4162992633885751
0.8282765039744533
0.1427553048793942
0.2202133188559696
0.1219122128286314
0.2510673931799569
0.7007191482139264
0.6613874477912639
0.10603057009939454
0.34198715784449035
0.6150300648845209
0.7071556897652137
0.5333831389551701
0.11435632751967058
1.0689545120389938
0.1795915624877273
0.24376669131329054
0.43146134383456614
1.035248612682055
0.5535006678672724
0.6383555974540274
0.12867024789196932
0.22942318991423263
0.07769158357130383
0.7046494879694085
1.568001413615064
0.7005829610855185
0.07027542380042785
0.6238344167554009
0.29964423961589587
0.0509985281147341
3.984682115807036
0.6796213444457729
0.5140244630704318
1.0894236063883425
0.20768899670016247
0.5800584931753765
0.3333379115856564
0.06983612076587543
0.4110299231764104
0.5274320985886672
0.3382933342250559
0.07063297117462743
0.0413046012683983
0.5768894275978227
0.9602621338847196
1.3606376018075725
0.2592902109172732
1.470125620235981
0.9043829275145798
0.2911618237026064
0.2751687777770413
0.21409321414346708
0.03779703011363704
0.005157944678413347
0.14866195874662866
0.15507886436052012
0.6903186626401361
0.09036304284221978
0.6222127206424753
0.6916365333781852
0.3249065265455456
0.06605680131646272
0.6708648275005287
1.2925885730838766
0.2406414829192061
0.7503751171787528
0.7148065997552054
0.029319512935408024
0.030249486687728616
0.5957704710840106
0.9379485277342133
1.3366346789633865
0.08061604310774971
0.46208735955379826
0.17487001885415612
0.1329522377966609
0.7076369023525304
0.2813129362535642
0.30381994815330304
0.9818372814037098
0.14391736596200536
0.39659372240461643
0.9280630121487682
0.07464041719763817
0.47854643532637225
0.9579294004386325
0.7630507234741831
1.1390257835705193
0.01747130008255898
0.6205587553598142
0.12036381752188713
0.4296963374854239
0.7866798523987713
0.2876457274535965
0.6428254604150145
0.9684733765554926
1.5375950822877686
0.41567691599430634
0.200509390758732
0.26087999729929184
1.05911732382085
0.14504978420005052
1.1334918839648662
0.0314404236299878
1.8743804901068102
0.06692699309492149
1.1340557260211765
0.41068731615544385
0.43485491201208515
2.0821093695560124
1.5955282860281221
0.8456964677178945
0.5564206302132692
0.5975418667536623
0.0756016249299145
0.33247007865570205
0.2958779354646003
0.05672305709159964
0.0060125316731785535
0.008655953410222218
0.7057803195506924
0.31306401641501314
0.3559422877752826
0.1543283892133949
0.4107639199668437
0.07180197775517907
0.09424721066698943
0.8980962540965304
0.014677656570974735
1.3072515322427023
0.21783501259438573
1.419912460915755
0.03473447908777643
0.1978923852748447
0.4746221312658414
1.4657718606858843
0.049773076844639566
0.8741890389738026
0.5010274083437778
0.5391727241783438
2.568863993511922
0.204368532938197
0.23567625598041347
0.4050659341951497
0.5177357417892015
0.1971604004353758
0.6466210907003141
0.045223508824242975
0.11434457771631781
0.007040219930696045
0.7307944660290093
1.5592209392345568
0.7726498058959446
0.10016129378089127
0.17619830935156694
0.5869675186767853
0.19540014726971588
0.2756120232707888
0.15591966419463188
0.40321912803851717
1.074573806121523
0.14461662210573617
0.3979323350306242
0.5771495857864972
0.0034817521438207984
0.1539157706649421
0.4420493216029926
0.9204275327544432
0.1365359854932845
1.2091081542762965
0.9185167561357023
0.2643944627532268
0.8861668196984304
0.998539145566459
0.17458131799154453
0.06456235962532661
0.05614147518818659
1.1222461354031876
0.35992242561013915
0.5874080256146128
0.2609074856800096
0.799663137203443
0.9174581425254322
1.1771634882976794
0.5417617367345456
1.1751279358729172
1.0640728754162825
0.16727344322479293
0.4686615551299355
0.16044539206978287
0.5359735985943646
1.2003114466625298
0.34829571381437296
0.9185008580858416
0.009104744895384794
1.0652248475922212
1.5230627451576273
0.1984350106479476
0.6526246823217539
0.9027088277028488
0.07002784065801507
0.2824419524694105
0.12212145135585765
0.7243813576093948
0.2748087048483208
7.174627865030646e-05
0.160785196594179
0.11994364849119597
0.041010814895324245
0.3993700613196279
0.21684470377635695
0.13039920325539878
1.4562001905034625
0.20646781910469683
0.07210168034470496
0.3908470933288639
1.176184456821116
0.7941817367788442
0.0846438392420971
0.18746175780407337
0.14286746241029954
1.3858560078820163
0.17284049558343234
0.09793967745385128
0.320432379497413
0.4993352091348077
0.09107847735124745
0.013096261830369986
0.05254165579345558
0.5554586122844374
0.09418325939246323
0.15807945901777784
0.5943054203919714
1.0822541576503848
1.609932738951847
0.25533459484061055
0.13545023907895687
0.709139308855256
0.65769888201441
1.9346998477414876
