0.6264214322211509
0.06980196857453898
0.08623467384370859
0.05975318949940402
0.9466352285075038
0.032983810482313976
0.3538185361910079
0.7430294896332041
0.30461647783051043
0.5406667183964551
0.0767082680023812
0.30959278010244407
0.3334191167770214
0.16937888864277245
0.5648035540550742
0.3274935756350149
0.622323299835055
0.3865485033457966
0.2029371973333358
0.19076845494283928
0.16704019977476411
0.00604594713874426
0.21162506940265202
0.15190890311137994
0.04735775910356239
0.03502398408420464
0.16483607915560244
0.011252668342843676
1.190978659141216
0.13122853500889162
0.13300599536747146
0.014498270410413296
0.15368563456210332
0.004384522656794294
0.00844148188490161
0.11441558520261594
0.47522995122938727
0.16962818354224538
0.004130659685689588
0.04922879977780036
0.37206720117136954
0.3703422216940555
0.3880284591595485
0.1197206784035774
0.11997969634038377
0.4475135176297125
0.14026717356766755
0.3588636437255874
0.240399719491179
0.12517403933703192
0.023037378080068355
0.034102166792611806
0.6086867545196417
0.1663395857654241
1.4135796529251041
0.12498082126976147
0.07945965623148571
0.11923956082835308
0.11608719246839833
0.2802254410204865
0.0035415465593361573
0.39805069863900966
0.1487865279349207
0.15638120241361117
0.18125001549213107
0.16476613499673728
0.1900984239986742
0.1172749410962935
0.16684733719526657
0.14327325420675094
0.2017604337012387
0.26969655079616656
0.07619582194986288
0.19619386392590718
0.24944936941667317
0.004722358143898654
0.20305431271962693
0.0755605048399958
0.14322092125519412
0.48394763951539416
0.10909008089403459
0.1823713874906096
0.006921090178283829
0.10201223162137876
0.28203253082662294
0.10458636924359672
0.06365610284688723
0.09487333181757035
0.8529328111342058
0.025085513926423816
0.1719538649422381
0.0166203274258415
0.21372307080091005
0.043612831884978956
0.2777440346137533
0.08483140523776486
0.32437384713481937
0.11779990696922116
0.0011540144277029766
0.0965292393581192
0.023604884103422517
0.18876505936896038
0.09418654188585462
0.2822402420353624
0.19145691713834845
0.010141829885854024
0.10599059398532958
0.18551236980902008
0.23457894996503442
0.030606782002508687
0.2900064488676743
0.11634451242442315
0.055811014780787364
0.45208901075828317
0.01964010930553028
0.7337536573256468
0.3384470655216318
0.178324472458016
0.0031006974939244056
0.13661353172744048
0.2867324251986043
0.5410316441937072
0.26568875934799885
0.1400696537497447
0.1638382328724459
0.5707348437445213
0.11958773333653289
0.01861399491643052
0.16150516617067392
1.7889278997322502
0.1319633692535895
0.059258681050618295
0.012757977504640255
0.05179902128425016
0.10820125377128872
0.23592188830487656
0.3026159172229429
0.01209010052261492
0.7601957138462783
0.07423633708790447
0.04459359608534253
0.2090742845229702
0.31270940461829105
0.10141415248528464
0.3058172825275317
0.09629392018029805
0.6421889158627374
0.5873586834115655
0.02040377100944759
0.04502914921106923
0.330833582603377
3.318183048516271e-05
0.47653645207133194
0.12167511819132949
0.3771023424170146
0.012499753871069913
0.06486471924832364
0.02028803201548876
0.054765690030439726
0.13404166954195926
0.18686342443284837
0.6845920442766321
0.27257506921284513
0.3386480861400263
0.023669959324807935
0.09337074322264147
1.324787950406053
0.22707347218752777
0.4282958981034326
0.009122748584230279
0.02426217825028651
0.031956294163056544
0.004255552141200265
0.7046903681335029
0.0808188133181998
1.5677877785557257
0.3701692722157575
0.07970156598394239
1.3272286143677972
0.5605433238573175
0.049816426763858515
0.0566238896165259
0.3149465601664264
0.02251948058020374
0.24265252915291688
0.019041448762202352
0.06910115398161898
0.8191279891757407
0.19070421776241578
0.2355552468667913
0.0868237279423852
0.16021396969427965
0.03942828591118644
0.20082933668113817
0.015323309065981469
0.0136619176334633
0.31448186320534877
0.015623032141149842
0.20350990412658498
0.08544388748375419
0.05742944118501347
0.23529997269089703
0.09714450744819429
0.16838605195269699
0.04133763976178481
0.037359527403696906
0.031118856653503852
0.020512577273231834
0.22288912303240374
0.3897020501041286
0.4342837633946326
0.8747647849781035
0.05094175653246873
0.04026329809864688
0.175371075442181
0.5451635288253245
0.4025220231590722
0.22566663369248136
0.04711181719057153
0.13712917519405918
0.3510311188878352
0.12914481074487993
0.0110243745947484
0.24222669818372744
0.35180867884553674
0.3465646727362749
0.049772702083357975
0.11311959481776251
0.14537916047299332
0.15071845435276765
0.0334880770618431
0.13454040921453592
0.19518130847188356
0.3425159934707919
0.2328047720924379
0.1434028557607946
0.725337225789248
0.25181861104843184
1.0168070330785242
0.5581215784756435
0.3093371327171427
0.6342335792355241
1.3088116894392696
0.06895206787581284
0.32450002117722976
0.6935867278930427
0.004849368529309802
0.44392640322558463
0.025873542103460465
0.6861204623440729
0.261563394335048
0.048849189506660506
0.011108000797903517
0.4860118678997243
0.041503925758638906
0.7751432355658564
0.026317546301305325
0.5028095205940586
0.15217681542949466
0.5695165629412382
0.4043127654641078
0.5294680090092716
0.17552086657491578
0.3455947280006894
0.10600425504608069
0.01334973393215358
0.07306840692185321
0.00037642956622168804
0.12460375468947352
0.18810342372368757
0.005414207666553416
0.0021437736061374777
0.3204231192826219
0.02924124176822557
0.02119345352519811
0.18907080907170642
0.3498656690170108
1.0441356339194425
0.09672622816695016
0.03453778213741215
0.01961436304245957
0.06425268339548586
0.029124200957771917
0.0009365663373687951
0.09270785047498215
0.04955480370085914
0.00508838297930917
0.12098599027898402
0.4829709247461243
0.0999856653191778
0.34207638806977547
0.3604315863504426
0.007152142509348176
0.9018753428340978
0.04134904778301653
0.3491859215092201
0.13181653913550556
0.5598898954959215
1.4615946991500097
0.05935053435599335
